#======================================================
# Generated on 2021-12-30 11:51 
#======================================================
# Location         : Amerada_Pass
# Position         : (-91.33811,29.44961)
# Source           : observed
# Unit             : waterlevel
# Analyse time     : null
#======================================================
201602010000	0.291
201602010100	0.341
201602010200	0.378
201602010300	0.38
201602010400	0.364
201602010500	0.339
201602010600	0.303
201602010700	0.256
201602010800	0.228
201602010900	0.22
201602011000	0.199
201602011100	0.196
201602011200	0.224
201602011300	0.253
201602011400	0.281
201602011500	0.306
201602011600	0.339
201602011700	0.349
201602011800	0.361
201602011900	0.358
201602012000	0.355
201602012100	0.34
201602012200	0.323
201602012300	0.333
201602020000	0.352
201602020100	0.366
201602020200	0.39
201602020300	0.404
201602020400	0.419
201602020500	0.42
201602020600	0.418
201602020700	0.398
201602020800	0.36
201602020900	0.336
201602021000	0.302
201602021100	0.272
201602021200	0.273
201602021300	0.277
201602021400	0.32
201602021500	0.349
201602021600	0.42
201602021700	0.506
201602021800	0.423
201602021900	0.429
201602022000	0.502
201602022100	0.593
201602022200	0.596
201602022300	0.616
201602030000	0.572
201602030100	0.483
201602030200	0.436
201602030300	0.463
201602030400	0.508
201602030500	0.51
201602030600	0.56
201602030700	0.498
201602030800	0.361
201602030900	0.258
201602031000	0.182
201602031100	0.138
201602031200	0.12
201602031300	0.129
201602031400	0.164
201602031500	0.21
201602031600	0.272
201602031700	0.32
201602031800	0.279
201602031900	0.242
201602032000	0.254
201602032100	0.331
201602032200	0.431
201602032300	0.443
201602040000	0.408
201602040100	0.404
201602040200	0.348
201602040300	0.293
201602040400	0.262
201602040500	0.269
201602040600	0.258
201602040700	0.221
201602040800	0.171
201602040900	0.115
201602041000	0.055
201602041100	0.012
201602041200	-0.019
201602041300	-0.036
201602041400	-0.02
201602041500	0.008
201602041600	0.051
201602041700	0.108
201602041800	0.163
201602041900	0.227
201602042000	0.245
201602042100	0.238
201602042200	0.19
201602042300	0.144
201602050000	0.081
201602050100	0.042
201602050200	0.027
201602050300	0.026
201602050400	0.056
201602050500	0.116
201602050600	0.148
201602050700	0.148
201602050800	0.112
201602050900	0.068
201602051000	0.017
201602051100	-0.022
201602051200	-0.048
201602051300	-0.053
201602051400	-0.022
201602051500	0.004
201602051600	0.026
201602051700	0.086
201602051800	0.175
201602051900	0.268
201602052000	0.327
201602052100	0.328
201602052200	0.314
201602052300	0.316
201602060000	0.306
201602060100	0.28
201602060200	0.268
201602060300	0.293
201602060400	0.348
201602060500	0.383
201602060600	0.362
201602060700	0.339
201602060800	0.267
201602060900	0.193
201602061000	0.128
201602061100	0.06
201602061200	0.008
201602061300	-0.03
201602061400	-0.034
201602061500	0.02
201602061600	0.079
201602061700	0.146
201602061800	0.224
201602061900	0.294
201602062000	0.385
201602062100	0.487
201602062200	0.388
201602062300	0.266
201602070000	0.196
201602070100	0.26
201602070200	0.292
201602070300	0.319
201602070400	0.255
201602070500	0.194
201602070600	0.134
201602070700	0.11
201602070800	0.146
201602070900	0.154
201602071000	0.09
201602071100	0.021
201602071200	-0.042
201602071300	-0.095
201602071400	-0.109
201602071500	-0.126
201602071600	-0.117
201602071700	-0.088
201602071800	-0.022
201602071900	0.09
201602072000	0.188
201602072100	0.251
201602072200	0.234
201602072300	0.241
201602080000	0.248
201602080100	0.236
201602080200	0.255
201602080300	0.264
201602080400	0.292
201602080500	0.303
201602080600	0.31
201602080700	0.322
201602080800	0.315
201602080900	0.265
201602081000	0.194
201602081100	0.131
201602081200	0.069
201602081300	0.03
201602081400	-0.001
201602081500	-0.02
201602081600	-0.028
201602081700	-0.03
201602081800	-0.052
201602081900	-0.042
201602082000	-0.032
201602082100	0.035
201602082200	0.089
201602082300	0.121
201602090000	0.187
201602090100	0.138
201602090200	0.083
201602090300	0.013
201602090400	-0.039
201602090500	-0.087
201602090600	-0.088
201602090700	-0.079
201602090800	-0.052
201602090900	0.023
201602091000	0.046
201602091100	0.015
201602091200	-0.041
201602091300	-0.064
201602091400	-0.109
201602091500	-0.157
201602091600	-0.191
201602091700	-0.215
201602091800	-0.226
201602091900	-0.218
201602092000	-0.142
201602092100	-0.031
201602092200	0.017
201602092300	0.055
201602100000	0.059
201602100100	0.021
201602100200	-0.035
201602100300	-0.077
201602100400	-0.098
201602100500	-0.101
201602100600	-0.09
201602100700	-0.063
201602100800	-0.02
201602100900	0.004
201602101000	-0.009
201602101100	-0.03
201602101200	-0.066
201602101300	-0.115
201602101400	-0.149
201602101500	-0.189
201602101600	-0.22
201602101700	-0.236
201602101800	-0.228
201602101900	-0.196
201602102000	-0.125
201602102100	-0.029
201602102200	0.033
201602102300	0.063
201602110000	0.057
201602110100	0.01
201602110200	-0.03
201602110300	-0.067
201602110400	-0.077
201602110500	-0.073
201602110600	-0.045
201602110700	0.018
201602110800	0.067
201602110900	0.095
201602111000	0.099
201602111100	0.09
201602111200	0.057
201602111300	0.02
201602111400	-0.014
201602111500	-0.063
201602111600	-0.108
201602111700	-0.138
201602111800	-0.147
201602111900	-0.135
201602112000	-0.104
201602112100	-0.054
201602112200	0.005
201602112300	0.063
201602120000	0.112
201602120100	0.092
201602120200	0.057
201602120300	0.019
201602120400	-0.015
201602120500	-0.032
201602120600	-0.038
201602120700	-0.03
201602120800	-0.013
201602120900	0.014
201602121000	0.055
201602121100	0.099
201602121200	0.138
201602121300	0.125
201602121400	0.09
201602121500	0.046
201602121600	-0.014
201602121700	-0.07
201602121800	-0.12
201602121900	-0.139
201602122000	-0.14
201602122100	-0.098
201602122200	-0.026
201602122300	0.035
201602130000	0.086
201602130100	0.075
201602130200	0.04
201602130300	-0.01
201602130400	-0.056
201602130500	-0.098
201602130600	-0.132
201602130700	-0.148
201602130800	-0.139
201602130900	-0.108
201602131000	-0.072
201602131100	-0.017
201602131200	0.057
201602131300	0.077
201602131400	0.072
201602131500	0.031
201602131600	-0.025
201602131700	-0.054
201602131800	-0.055
201602131900	-0.028
201602132000	0.049
201602132100	0.136
201602132200	0.223
201602132300	0.284
201602140000	0.319
201602140100	0.296
201602140200	0.248
201602140300	0.184
201602140400	0.128
201602140500	0.082
201602140600	0.04
201602140700	0.021
201602140800	0.006
201602140900	-0.001
201602141000	0.009
201602141100	0.046
201602141200	0.089
201602141300	0.144
201602141400	0.191
201602141500	0.213
201602141600	0.213
201602141700	0.229
201602141800	0.228
201602141900	0.226
201602142000	0.217
201602142100	0.247
201602142200	0.262
201602142300	0.272
201602150000	0.283
201602150100	0.313
201602150200	0.261
201602150300	0.216
201602150400	0.178
201602150500	0.149
201602150600	0.114
201602150700	0.071
201602150800	0.037
201602150900	0.008
201602151000	-0.012
201602151100	-0.002
201602151200	0.017
201602151300	0.085
201602151400	0.193
201602151500	0.302
201602151600	0.391
201602151700	0.433
201602151800	0.425
201602151900	0.382
201602152000	0.318
201602152100	0.275
201602152200	0.279
201602152300	0.26
201602160000	0.245
201602160100	0.252
201602160200	0.249
201602160300	0.216
201602160400	0.156
201602160500	0.067
201602160600	-0.004
201602160700	-0.051
201602160800	-0.096
201602160900	-0.13
201602161000	-0.146
201602161100	-0.13
201602161200	-0.103
201602161300	-0.048
201602161400	0.022
201602161500	0.154
201602161600	0.287
201602161700	0.34
201602161800	0.317
201602161900	0.282
201602162000	0.232
201602162100	0.246
201602162200	0.251
201602162300	0.228
201602170000	0.214
201602170100	0.177
201602170200	0.174
201602170300	0.195
201602170400	0.199
201602170500	0.172
201602170600	0.137
201602170700	0.07
201602170800	0.019
201602170900	-0.024
201602171000	-0.067
201602171100	-0.11
201602171200	-0.141
201602171300	-0.168
201602171400	-0.166
201602171500	-0.148
201602171600	-0.087
201602171700	0.059
201602171800	0.217
201602171900	0.327
201602172000	0.362
201602172100	0.357
201602172200	0.28
201602172300	0.204
201602180000	0.155
201602180100	0.134
201602180200	0.15
201602180300	0.17
201602180400	0.189
201602180500	0.197
201602180600	0.151
201602180700	0.092
201602180800	0.036
201602180900	-0.025
201602181000	-0.08
201602181100	-0.13
201602181200	-0.167
201602181300	-0.181
201602181400	-0.166
201602181500	-0.138
201602181600	-0.067
201602181700	0.084
201602181800	0.236
201602181900	0.318
201602182000	0.332
201602182100	0.303
201602182200	0.263
201602182300	0.21
201602190000	0.183
201602190100	0.177
201602190200	0.204
201602190300	0.258
201602190400	0.301
201602190500	0.321
201602190600	0.315
201602190700	0.289
201602190800	0.248
201602190900	0.178
201602191000	0.111
201602191100	0.04
201602191200	-0.022
201602191300	-0.079
201602191400	-0.12
201602191500	-0.134
201602191600	-0.132
201602191700	-0.063
201602191800	0.068
201602191900	0.224
201602192000	0.263
201602192100	0.288
201602192200	0.255
201602192300	0.205
201602200000	0.144
201602200100	0.115
201602200200	0.109
201602200300	0.144
201602200400	0.153
201602200500	0.162
201602200600	0.199
201602200700	0.2
201602200800	0.169
201602200900	0.122
201602201000	0.058
201602201100	-0.004
201602201200	-0.062
201602201300	-0.089
201602201400	-0.128
201602201500	-0.134
201602201600	-0.111
201602201700	-0.054
201602201800	0.046
201602201900	0.152
201602202000	0.256
201602202100	0.323
201602202200	0.293
201602202300	0.257
201602210000	0.213
201602210100	0.157
201602210200	0.129
201602210300	0.153
201602210400	0.187
201602210500	0.225
201602210600	0.267
201602210700	0.287
201602210800	0.244
201602210900	0.211
201602211000	0.158
201602211100	0.086
201602211200	0.012
201602211300	-0.048
201602211400	-0.087
201602211500	-0.111
201602211600	-0.088
201602211700	-0.027
201602211800	0.05
201602211900	0.123
201602212000	0.188
201602212100	0.249
201602212200	0.249
201602212300	0.226
201602220000	0.187
201602220100	0.146
201602220200	0.1
201602220300	0.098
201602220400	0.126
201602220500	0.185
201602220600	0.258
201602220700	0.292
201602220800	0.31
201602220900	0.249
201602221000	0.195
201602221100	0.147
201602221200	0.08
201602221300	0.032
201602221400	-0.002
201602221500	-0.015
201602221600	-0.019
201602221700	0.013
201602221800	0.131
201602221900	0.284
201602222000	0.397
201602222100	0.352
201602222200	0.305
201602222300	0.277
201602230000	0.254
201602230100	0.224
201602230200	0.166
201602230300	0.142
201602230400	0.122
201602230500	0.128
201602230600	0.214
201602230700	0.241
201602230800	0.258
201602230900	0.254
201602231000	0.239
201602231100	0.206
201602231200	0.148
201602231300	0.113
201602231400	0.082
201602231500	0.069
201602231600	0.076
201602231700	0.098
201602231800	0.111
201602231900	0.168
201602232000	0.344
201602232100	0.593
201602232200	0.762
201602232300	0.937
201602240000	1.08
201602240100	0.715
201602240200	0.496
201602240300	0.435
201602240400	0.445
201602240500	0.524
201602240600	0.558
201602240700	0.448
201602240800	0.335
201602240900	0.268
201602241000	0.328
201602241100	0.337
201602241200	0.283
201602241300	0.237
201602241400	0.174
201602241500	0.076
201602241600	0.011
201602241700	-0.046
201602241800	-0.105
201602241900	-0.121
201602242000	-0.049
201602242100	0.003
201602242200	0.026
201602242300	0.025
201602250000	-0.002
201602250100	-0.028
201602250200	-0.072
201602250300	-0.124
201602250400	-0.154
201602250500	-0.186
201602250600	-0.224
201602250700	-0.245
201602250800	-0.234
201602250900	-0.173
201602251000	-0.151
201602251100	-0.137
201602251200	-0.132
201602251300	-0.136
201602251400	-0.107
201602251500	-0.104
201602251600	-0.12
201602251700	-0.12
201602251800	-0.115
201602251900	-0.096
201602252000	-0.054
201602252100	0.066
201602252200	0.142
201602252300	0.199
201602260000	0.189
201602260100	0.13
201602260200	0.058
201602260300	-0.013
201602260400	-0.067
201602260500	-0.106
201602260600	-0.143
201602260700	-0.169
201602260800	-0.187
201602260900	-0.205
201602261000	-0.226
201602261100	-0.242
201602261200	-0.243
201602261300	-0.203
201602261400	-0.146
201602261500	-0.093
201602261600	-0.066
201602261700	-0.065
201602261800	-0.063
201602261900	-0.08
201602262000	-0.066
201602262100	-0.026
201602262200	0.026
201602262300	0.078
201602270000	0.107
201602270100	0.14
201602270200	0.124
201602270300	0.076
201602270400	0.018
201602270500	-0.043
201602270600	-0.094
201602270700	-0.141
201602270800	-0.168
201602270900	-0.166
201602271000	-0.13
201602271100	-0.069
201602271200	-0.014
201602271300	0.007
201602271400	0.003
201602271500	-0.028
201602271600	-0.073
201602271700	-0.116
201602271800	-0.134
201602271900	-0.143
201602272000	-0.1
201602272100	-0.045
201602272200	0.043
201602272300	0.087
201602280000	0.132
201602280100	0.139
201602280200	0.099
201602280300	0.047
201602280400	-0.001
201602280500	-0.042
201602280600	-0.073
201602280700	-0.075
201602280800	-0.076
201602280900	-0.065
201602281000	-0.011
201602281100	0.04
201602281200	0.083
201602281300	0.108
201602281400	0.107
201602281500	0.088
201602281600	0.05
201602281700	0.026
201602281800	0.013
201602281900	0.028
201602282000	0.044
201602282100	0.043
201602282200	0.05
201602282300	0.061
201602290000	0.096
201602290100	0.111
201602290200	0.101
201602290300	0.078
201602290400	0.045
201602290500	0.014
201602290600	-0.027
201602290700	-0.051
201602290800	-0.07
201602290900	-0.073
201602291000	-0.048
201602291100	-0.015
201602291200	0.035
201602291300	0.08
201602291400	0.115
201602291500	0.14
201602291600	0.135
201602291700	0.132
201602291800	0.11
201602291900	0.106
201602292000	0.096
201602292100	0.089
201602292200	0.088
201602292300	0.095
201603010000	0.101
