#======================================================
# Generated on 2021-12-03 14:10 
#======================================================
# Location    : Bay_Waveland_Yacht_Club
# Position    : (-89.32500,30.32500)
# Source      : observed
# Unit        : waterlevel
# Analyse time: null
# Timezone    : GMT
#======================================================
201602010600	0.436
201602010700	0.434
201602010800	0.423
201602010900	0.395
201602011000	0.341
201602011100	0.268
201602011200	0.215
201602011300	0.192
201602011400	0.148
201602011500	0.095
201602011600	0.048
201602011700	0.031
201602011800	0.039
201602011900	0.067
201602012000	0.1
201602012100	0.129
201602012200	0.145
201602012300	0.147
201602020000	0.166
201602020100	0.215
201602020200	0.268
201602020300	0.31
201602020400	0.325
201602020500	0.327
201602020600	0.326
201602020700	0.312
201602020800	0.307
201602020900	0.311
201602021000	0.335
201602021100	0.326
201602021200	0.291
201602021300	0.239
201602021400	0.206
201602021500	0.182
201602021600	0.167
201602021700	0.145
201602021800	0.152
201602021900	0.188
201602022000	0.235
201602022100	0.285
201602022200	0.343
201602022300	0.386
201602030000	0.441
201602030100	0.522
201602030200	0.595
201602030300	0.634
201602030400	0.653
201602030500	0.679
201602030600	0.689
201602030700	0.685
201602030800	0.639
201602030900	0.587
201602031000	0.527
201602031100	0.442
201602031200	0.361
201602031300	0.294
201602031400	0.229
201602031500	0.111
201602031600	-0.013
201602031700	-0.01
201602031800	-0.056
201602031900	-0.075
201602032000	-0.068
201602032100	-0.028
201602032200	0.015
201602032300	0.101
201602040000	0.228
201602040100	0.337
201602040200	0.385
201602040300	0.428
201602040400	0.441
201602040500	0.48
201602040600	0.519
201602040700	0.523
201602040800	0.492
201602040900	0.447
201602041000	0.37
201602041100	0.25
201602041200	0.133
201602041300	0.041
201602041400	-0.05
201602041500	-0.167
201602041600	-0.214
201602041700	-0.248
201602041800	-0.223
201602041900	-0.19
201602042000	-0.124
201602042100	-0.069
201602042200	-0.019
201602042300	0.037
201602050000	0.088
201602050100	0.081
201602050200	0.06
201602050300	0.04
201602050400	0.022
201602050500	-0.019
201602050600	-0.023
201602050700	-0.012
201602050800	-0.021
201602050900	-0.022
201602051000	-0.053
201602051100	-0.116
201602051200	-0.165
201602051300	-0.16
201602051400	-0.168
201602051500	-0.21
201602051600	-0.236
201602051700	-0.257
201602051800	-0.288
201602051900	-0.292
201602052000	-0.251
201602052100	-0.216
201602052200	-0.158
201602052300	-0.087
201602060000	-0.027
201602060100	-0.04
201602060200	-0.002
201602060300	0.027
201602060400	0.089
201602060500	0.116
201602060600	0.126
201602060700	0.141
201602060800	0.148
201602060900	0.158
201602061000	0.147
201602061100	0.104
201602061200	0.047
201602061300	-0.019
201602061400	-0.084
201602061500	-0.145
201602061600	-0.217
201602061700	-0.299
201602061800	-0.365
201602061900	-0.393
201602062000	-0.361
201602062100	-0.339
201602062200	-0.256
201602062300	-0.159
201602070000	-0.098
201602070100	-0.015
201602070200	0.069
201602070300	0.129
201602070400	0.136
201602070500	0.158
201602070600	0.17
201602070700	0.188
201602070800	0.194
201602070900	0.188
201602071000	0.152
201602071100	0.083
201602071200	0.023
201602071300	-0.031
201602071400	-0.107
201602071500	-0.173
201602071600	-0.242
201602071700	-0.324
201602071800	-0.395
201602071900	-0.441
201602072000	-0.433
201602072100	-0.391
201602072200	-0.358
201602072300	-0.314
201602080000	-0.261
201602080100	-0.189
201602080200	-0.103
201602080300	-0.002
201602080400	0.031
201602080500	0.044
201602080600	0.063
201602080700	0.107
201602080800	0.173
201602080900	0.237
201602081000	0.254
201602081100	0.18
201602081200	0.081
201602081300	-0.011
201602081400	-0.103
201602081500	-0.191
201602081600	-0.272
201602081700	-0.355
201602081800	-0.429
201602081900	-0.499
201602082000	-0.544
201602082100	-0.57
201602082200	-0.585
201602082300	-0.573
201602090000	-0.614
201602090100	-0.639
201602090200	-0.655
201602090300	-0.625
201602090400	-0.661
201602090500	-0.727
201602090600	-0.759
201602090700	-0.689
201602090800	-0.635
201602090900	-0.542
201602091000	-0.424
201602091100	-0.326
201602091200	-0.269
201602091300	-0.241
201602091400	-0.217
201602091500	-0.213
201602091600	-0.281
201602091700	-0.383
201602091800	-0.477
201602091900	-0.59
201602092000	-0.663
201602092100	-0.731
201602092200	-0.812
201602092300	-0.854
201602100000	-0.823
201602100100	-0.73
201602100200	-0.618
201602100300	-0.511
201602100400	-0.445
201602100500	-0.391
201602100600	-0.394
201602100700	-0.393
201602100800	-0.412
201602100900	-0.391
201602101000	-0.328
201602101100	-0.238
201602101200	-0.164
201602101300	-0.138
201602101400	-0.155
201602101500	-0.204
201602101600	-0.266
201602101700	-0.312
201602101800	-0.349
201602101900	-0.393
201602102000	-0.394
201602102100	-0.376
201602102200	-0.344
201602102300	-0.307
201602110000	-0.276
201602110100	-0.261
201602110200	-0.258
201602110300	-0.256
201602110400	-0.303
201602110500	-0.34
201602110600	-0.372
201602110700	-0.417
201602110800	-0.433
201602110900	-0.366
201602111000	-0.287
201602111100	-0.208
201602111200	-0.174
201602111300	-0.214
201602111400	-0.26
201602111500	-0.276
201602111600	-0.293
201602111700	-0.313
201602111800	-0.348
201602111900	-0.391
201602112000	-0.397
201602112100	-0.384
201602112200	-0.336
201602112300	-0.283
201602120000	-0.243
201602120100	-0.218
201602120200	-0.225
201602120300	-0.196
201602120400	-0.144
201602120500	-0.097
201602120600	-0.088
201602120700	-0.112
201602120800	-0.137
201602120900	-0.155
201602121000	-0.16
201602121100	-0.13
201602121200	-0.106
201602121300	-0.107
201602121400	-0.117
201602121500	-0.125
201602121600	-0.134
201602121700	-0.145
201602121800	-0.17
201602121900	-0.208
201602122000	-0.243
201602122100	-0.281
201602122200	-0.289
201602122300	-0.259
201602130000	-0.248
201602130100	-0.231
201602130200	-0.21
201602130300	-0.209
201602130400	-0.198
201602130500	-0.2
201602130600	-0.205
201602130700	-0.22
201602130800	-0.248
201602130900	-0.27
201602131000	-0.284
201602131100	-0.272
201602131200	-0.27
201602131300	-0.264
201602131400	-0.279
201602131500	-0.321
201602131600	-0.382
201602131700	-0.355
201602131800	-0.29
201602131900	-0.192
201602132000	-0.081
201602132100	-0.02
201602132200	0.018
201602132300	0.064
201602140000	0.114
201602140100	0.149
201602140200	0.184
201602140300	0.156
201602140400	0.116
201602140500	0.101
201602140600	0.088
201602140700	0.057
201602140800	-0.011
201602140900	-0.107
201602141000	-0.169
201602141100	-0.197
201602141200	-0.192
201602141300	-0.163
201602141400	-0.123
201602141500	-0.081
201602141600	-0.038
201602141700	0.007
201602141800	0.055
201602141900	0.119
201602142000	0.174
201602142100	0.201
201602142200	0.215
201602142300	0.24
201602150000	0.263
201602150100	0.292
201602150200	0.318
201602150300	0.327
201602150400	0.294
201602150500	0.261
201602150600	0.251
201602150700	0.267
201602150800	0.276
201602150900	0.273
201602151000	0.23
201602151100	0.188
201602151200	0.16
201602151300	0.137
201602151400	0.105
201602151500	0.095
201602151600	0.092
201602151700	0.06
201602151800	0.02
201602151900	0.034
201602152000	0.116
201602152100	0.204
201602152200	0.278
201602152300	0.315
201602160000	0.348
201602160100	0.381
201602160200	0.475
201602160300	0.567
201602160400	0.686
201602160500	0.398
201602160600	0.343
201602160700	0.291
201602160800	0.276
201602160900	0.197
201602161000	0.053
201602161100	-0.071
201602161200	-0.12
201602161300	-0.114
201602161400	-0.102
201602161500	-0.161
201602161600	-0.251
201602161700	-0.279
201602161800	-0.189
201602161900	-0.045
201602162000	0.066
201602162100	0.164
201602162200	0.25
201602162300	0.267
201602170000	0.25
201602170100	0.236
201602170200	0.265
201602170300	0.324
201602170400	0.34
201602170500	0.331
201602170600	0.287
201602170700	0.221
201602170800	0.196
201602170900	0.204
201602171000	0.172
201602171100	0.095
201602171200	-0.01
201602171300	-0.116
201602171400	-0.203
201602171500	-0.282
201602171600	-0.351
201602171700	-0.412
201602171800	-0.441
201602171900	-0.433
201602172000	-0.389
201602172100	-0.322
201602172200	-0.185
201602172300	-0.047
201602180000	0.038
201602180100	0.102
201602180200	0.125
201602180300	0.187
201602180400	0.23
201602180500	0.268
201602180600	0.275
201602180700	0.231
201602180800	0.157
201602180900	0.116
201602181000	0.091
201602181100	0.059
201602181200	0.005
201602181300	-0.075
201602181400	-0.155
201602181500	-0.22
201602181600	-0.259
201602181700	-0.285
201602181800	-0.292
201602181900	-0.267
201602182000	-0.223
201602182100	-0.165
201602182200	-0.084
201602182300	-0.019
201602190000	0.035
201602190100	0.081
201602190200	0.116
201602190300	0.148
201602190400	0.199
201602190500	0.254
201602190600	0.313
201602190700	0.349
201602190800	0.361
201602190900	0.336
201602191000	0.304
201602191100	0.263
201602191200	0.223
201602191300	0.153
201602191400	0.056
201602191500	-0.045
201602191600	-0.124
201602191700	-0.186
201602191800	-0.231
201602191900	-0.273
201602192000	-0.283
201602192100	-0.289
201602192200	-0.269
201602192300	-0.211
201602200000	-0.121
201602200100	-0.047
201602200200	0.003
201602200300	0.057
201602200400	0.101
201602200500	0.168
201602200600	0.242
201602200700	0.305
201602200800	0.344
201602200900	0.354
201602201000	0.353
201602201100	0.342
201602201200	0.314
201602201300	0.245
201602201400	0.135
201602201500	0.023
201602201600	-0.064
201602201700	-0.131
201602201800	-0.186
201602201900	-0.229
201602202000	-0.233
201602202100	-0.214
201602202200	-0.181
201602202300	-0.139
201602210000	-0.058
201602210100	0.026
201602210200	0.091
201602210300	0.136
201602210400	0.17
201602210500	0.204
201602210600	0.251
201602210700	0.306
201602210800	0.366
201602210900	0.409
201602211000	0.421
201602211100	0.386
201602211200	0.343
201602211300	0.297
201602211400	0.229
201602211500	0.147
201602211600	0.052
201602211700	-0.038
201602211800	-0.113
201602211900	-0.169
201602212000	-0.201
201602212100	-0.203
201602212200	-0.192
201602212300	-0.138
201602220000	-0.079
201602220100	-0.005
201602220200	0.067
201602220300	0.099
201602220400	0.089
201602220500	0.08
201602220600	0.092
201602220700	0.135
201602220800	0.205
201602220900	0.265
201602221000	0.307
201602221100	0.317
201602221200	0.309
201602221300	0.281
201602221400	0.238
201602221500	0.168
201602221600	0.093
201602221700	0.026
201602221800	-0.041
201602221900	-0.083
201602222000	-0.083
201602222100	-0.051
201602222200	-0.009
201602222300	0.038
201602230000	0.068
201602230100	0.123
201602230200	0.168
201602230300	0.207
201602230400	0.209
201602230500	0.208
201602230600	0.188
201602230700	0.195
201602230800	0.233
201602230900	0.281
201602231000	0.295
201602231100	0.294
201602231200	0.278
201602231300	0.255
201602231400	0.255
201602231500	0.219
201602231600	0.183
201602231700	0.135
201602231800	0.067
201602231900	0.017
201602232000	0.011
201602232100	0.038
201602232200	0.101
201602232300	0.177
201602240000	0.23
201602240100	0.275
201602240200	0.361
201602240300	0.366
201602240400	0.426
201602240500	0.607
201602240600	0.726
201602240700	0.825
201602240800	0.808
201602240900	0.591
201602241000	0.464
201602241100	0.432
201602241200	0.377
201602241300	0.291
201602241400	0.156
201602241500	0.047
201602241600	-0.03
201602241700	-0.118
201602241800	-0.219
201602241900	-0.337
201602242000	-0.462
201602242100	-0.567
201602242200	-0.668
201602242300	-0.73
201602250000	-0.767
201602250100	-0.834
201602250200	-0.836
201602250300	-0.765
201602250400	-0.659
201602250500	-0.546
201602250600	-0.415
201602250700	-0.295
201602250800	-0.26
201602250900	-0.249
201602251000	-0.223
201602251100	-0.214
201602251200	-0.174
201602251300	-0.139
201602251400	-0.135
201602251500	-0.174
201602251600	-0.24
201602251700	-0.296
201602251800	-0.338
201602251900	-0.361
201602252000	-0.362
201602252100	-0.336
201602252200	-0.284
201602252300	-0.207
201602260000	-0.146
201602260100	-0.146
201602260200	-0.195
201602260300	-0.225
201602260400	-0.236
201602260500	-0.234
201602260600	-0.297
201602260700	-0.347
201602260800	-0.402
201602260900	-0.436
201602261000	-0.463
201602261100	-0.476
201602261200	-0.456
201602261300	-0.451
201602261400	-0.441
201602261500	-0.386
201602261600	-0.321
201602261700	-0.266
201602261800	-0.242
201602261900	-0.243
201602262000	-0.223
201602262100	-0.182
201602262200	-0.131
201602262300	-0.127
201602270000	-0.149
201602270100	-0.158
201602270200	-0.159
201602270300	-0.129
201602270400	-0.09
201602270500	-0.1
201602270600	-0.195
201602270700	-0.295
201602270800	-0.355
201602270900	-0.395
201602271000	-0.42
201602271100	-0.411
201602271200	-0.374
201602271300	-0.333
201602271400	-0.345
201602271500	-0.359
201602271600	-0.334
201602271700	-0.274
201602271800	-0.215
201602271900	-0.176
201602272000	-0.158
201602272100	-0.131
201602272200	-0.085
201602272300	-0.025
201602280000	0.028
201602280100	0.084
201602280200	0.099
201602280300	0.079
201602280400	0.035
201602280500	0.008
201602280600	-0.032
201602280700	-0.082
201602280800	-0.119
201602280900	-0.183
201602281000	-0.242
201602281100	-0.267
201602281200	-0.281
201602281300	-0.285
201602281400	-0.267
201602281500	-0.261
201602281600	-0.252
201602281700	-0.226
201602281800	-0.201
201602281900	-0.166
201602282000	-0.122
201602282100	-0.087
201602282200	-0.073
201602282300	-0.042
201602290000	-0.006
201602290100	0.068
201602290200	0.121
201602290300	0.134
201602290400	0.112
201602290500	0.104
201602290600	0.089
201602290700	0.059
201602290800	0.024
201602290900	-0.03
201602291000	-0.1
201602291100	-0.146
201602291200	-0.157
201602291300	-0.138
201602291400	-0.135
201602291500	-0.161
201602291600	-0.169
201602291700	-0.16
201602291800	-0.141
201602291900	-0.1
201602292000	-0.021
201602292100	0.014
201602292200	0.034
201602292300	0.031
201603010000	0.055
201603010100	0.118
201603010200	0.179
201603010300	0.208
201603010400	0.192
201603010500	0.15
201603010600	0.099
201603010700	0.058
201603010800	0.017
201603010900	-0.03
201603011000	-0.075
201603011100	-0.132
201603011200	-0.179
201603011300	-0.199
201603011400	-0.205
201603011500	-0.202
201603011600	-0.171
201603011700	-0.127
201603011800	-0.093
201603011900	-0.055
201603012000	0.003
201603012100	0.037
201603012200	0.086
201603012300	0.125
201603020000	0.181
201603020100	0.232
201603020200	0.253
201603020300	0.269
201603020400	0.282
201603020500	0.288
