#======================================================
# Generated on 2021-12-01 13:04 
#======================================================
# Location    : Dauphin_Island
# Position    : (-88.07500,30.25000)
# Source      : observed
# Unit        : waterlevel
# Analyse time: null
# Timezone    : null
#======================================================
201601010000	0.18
201601010100	0.183
201601010200	0.21
201601010300	0.191
201601010400	0.218
201601010500	0.194
201601010600	0.156
201601010700	0.136
201601010800	0.123
201601010900	0.111
201601011000	0.106
201601011100	0.098
201601011200	0.081
201601011300	0.06
201601011400	-0.01
201601011500	-0.025
201601011600	-0.032
201601011700	0.016
201601011800	0.051
201601011900	0.1
201601012000	0.092
201601012100	0.109
201601012200	0.1
201601012300	0.139
201601020000	0.158
201601020100	0.187
201601020200	0.146
201601020300	0.128
201601020400	0.077
201601020500	0.087
201601020600	0.049
201601020700	0.056
201601020800	0.059
201601020900	0.049
201601021000	-0.018
201601021100	0.003
201601021200	-0.014
201601021300	-0.014
201601021400	0.008
201601021500	-0.033
201601021600	-0.023
201601021700	-0.037
201601021800	-0.009
201601021900	0.007
201601022000	0.073
201601022100	0.086
201601022200	0.073
201601022300	0.123
