#======================================================
# Generated on 2021-12-09 08:13 
#======================================================
# Location    : Freshwater_Canal_Locks
# Position    : (-92.30519,29.55169)
# Source      : observed
# Unit        : waterlevel
# Analyse time: null
#======================================================
201602010000	0.36
201602010100	0.352
201602010200	0.457
201602010300	0.368
201602010400	0.216
201602010500	0.202
201602010600	0.169
201602010700	0.146
201602010800	0.021
201602010900	0.034
201602011000	0.067
201602011100	0.064
201602011200	0.146
201602011300	0.213
201602011400	0.227
201602011500	0.332
201602011600	0.355
201602011700	0.365
201602011800	0.33
201602011900	0.417
201602012000	0.262
201602012100	0.284
201602012200	0.293
201602012300	0.304
201602020000	0.397
201602020100	0.364
201602020200	0.411
201602020300	0.518
201602020400	0.418
201602020500	0.475
201602020600	0.395
201602020700	0.323
201602020800	0.256
201602020900	0.269
201602021000	0.189
201602021100	0.316
201602021200	0.248
201602021300	0.256
201602021400	0.351
201602021500	0.368
201602021600	0.413
201602021700	0.551
201602021800	0.547
201602021900	0.711
201602022000	0.769
201602022100	0.553
201602022200	0.58
201602022300	0.445
201602030000	0.447
201602030100	0.693
201602030200	0.462
201602030300	0.613
201602030400	0.449
201602030500	0.425
201602030600	0.193
201602030700	0.007
201602030800	0.092
201602030900	-0.019
201602031000	-0.044
201602031100	-0.194
201602031200	-0.168
201602031300	-0.121
201602031400	0.184
201602031500	0.133
201602031600	0.082
201602031700	0.166
201602031800	0.259
201602031900	0.391
201602032000	0.332
201602032100	0.447
201602032200	0.308
201602032300	0.259
201602040000	0.125
201602040100	0.087
201602040200	0.254
201602040300	0.244
201602040400	0.189
201602040500	0.123
201602040600	0.051
201602040700	-0.109
201602040800	-0.263
201602040900	-0.393
201602041000	-0.376
201602041100	-0.506
201602041200	-0.475
201602041300	-0.411
201602041400	-0.289
201602041500	-0.163
201602041600	0.003
201602041700	0.098
201602041800	0.077
201602041900	0.028
201602042000	-0.058
201602042100	-0.074
201602042200	-0.077
201602042300	-0.091
201602050000	-0.119
201602050100	-0.092
201602050200	-0.043
201602050300	-0.007
201602050400	0.144
201602050500	0.044
201602050600	0.076
201602050700	-0.047
201602050800	-0.125
201602050900	-0.225
201602051000	-0.228
201602051100	-0.274
201602051200	-0.28
201602051300	-0.293
201602051400	-0.173
201602051500	-0.006
201602051600	0.13
201602051700	0.224
201602051800	0.276
201602051900	0.292
201602052000	0.384
201602052100	0.427
201602052200	0.409
201602052300	0.374
201602060000	0.315
201602060100	0.375
201602060200	0.379
201602060300	0.405
201602060400	0.404
201602060500	0.397
201602060600	0.333
201602060700	0.245
201602060800	0.168
201602060900	0.081
201602061000	-0.025
201602061100	-0.057
201602061200	-0.183
201602061300	-0.187
201602061400	-0.16
201602061500	-0.02
201602061600	0.143
201602061700	0.295
201602061800	0.333
201602061900	0.632
201602062000	0.37
201602062100	0.233
201602062200	0.376
201602062300	0.122
201602070000	0.353
201602070100	0.128
201602070200	0.147
201602070300	0.062
201602070400	0.094
201602070500	0.136
201602070600	0.303
201602070700	0.185
201602070800	0.014
201602070900	-0.2
201602071000	-0.386
201602071100	-0.439
201602071200	-0.432
201602071300	-0.579
201602071400	-0.562
201602071500	-0.511
201602071600	-0.268
201602071700	-0.123
201602071800	0.116
201602071900	0.126
201602072000	0.137
201602072100	0.214
201602072200	0.193
201602072300	0.188
201602080000	0.193
201602080100	0.207
201602080200	0.163
201602080300	0.203
201602080400	0.268
201602080500	0.328
201602080600	0.293
201602080700	0.35
201602080800	0.226
201602080900	0.105
201602081000	-0.059
201602081100	-0.15
201602081200	-0.348
201602081300	-0.461
201602081400	-0.361
201602081500	-0.594
201602081600	-0.642
201602081700	-0.616
201602081800	-0.515
201602081900	-0.317
201602082000	-0.248
201602082100	-0.207
201602082200	-0.07
201602082300	-0.021
201602090000	-0.085
201602090100	-0.301
201602090200	-0.419
201602090300	-0.557
201602090400	-0.59
201602090500	-0.642
201602090600	-0.522
201602090700	-0.428
201602090800	-0.314
201602090900	-0.228
201602091000	-0.333
201602091100	-0.457
201602091200	-0.658
201602091300	-0.82
201602091400	-0.842
201602091500	-0.935
201602091600	-0.935
201602091700	-0.856
201602091800	-0.735
201602091900	-0.507
201602092000	-0.228
201602092100	-0.114
201602092200	-0.082
201602092300	-0.089
201602100000	-0.231
201602100100	-0.287
201602100200	-0.404
201602100300	-0.451
201602100400	-0.388
201602100500	-0.312
201602100600	-0.295
201602100700	-0.122
201602100800	-0.14
201602100900	-0.079
201602101000	-0.141
201602101100	-0.31
201602101200	-0.448
201602101300	-0.588
201602101400	-0.642
201602101500	-0.712
201602101600	-0.645
201602101700	-0.405
201602101800	-0.397
201602101900	-0.258
201602102000	-0.071
201602102100	0.012
201602102200	-0.093
201602102300	-0.076
201602110000	-0.169
201602110100	-0.246
201602110200	-0.261
201602110300	-0.236
201602110400	-0.227
201602110500	-0.163
201602110600	-0.09
201602110700	-0.038
201602110800	0.002
201602110900	0.008
201602111000	0.02
201602111100	-0.052
201602111200	-0.109
201602111300	-0.274
201602111400	-0.291
201602111500	-0.38
201602111600	-0.388
201602111700	-0.377
201602111800	-0.619
201602111900	-0.267
201602112000	-0.088
201602112100	0.018
201602112200	0.014
201602112300	-0.035
201602120000	0.006
201602120100	-0.035
201602120200	-0.113
201602120300	-0.121
201602120400	-0.172
201602120500	-0.2
201602120600	-0.178
201602120700	-0.105
201602120800	-0.028
201602120900	0.032
201602121000	0.127
201602121100	0.079
201602121200	0.05
201602121300	0.0
201602121400	-0.167
201602121500	-0.215
201602121600	-0.317
201602121700	-0.311
201602121800	-0.3
201602121900	-0.282
201602122000	-0.269
201602122100	-0.105
201602122200	0.019
201602122300	-0.021
201602130000	0.0
201602130100	-0.102
201602130200	-0.155
201602130300	-0.251
201602130400	-0.283
201602130500	-0.392
201602130600	-0.356
201602130700	-0.377
201602130800	-0.263
201602130900	-0.169
201602131000	-0.059
201602131100	0.049
201602131200	0.034
201602131300	0.035
201602131400	-0.025
201602131500	-0.028
201602131600	-0.079
201602131700	-0.074
201602131800	-0.06
201602131900	-0.024
201602132000	0.106
201602132100	0.137
201602132200	0.251
201602132300	0.271
201602140000	0.303
201602140100	0.223
201602140200	0.236
201602140300	0.12
201602140400	0.107
201602140500	0.075
201602140600	-0.005
201602140700	-0.068
201602140800	-0.013
201602140900	0.035
201602141000	0.104
201602141100	0.192
201602141200	0.267
201602141300	0.304
201602141400	0.342
201602141500	0.401
201602141600	0.346
201602141700	0.329
201602141800	0.295
201602141900	0.288
201602142000	0.265
201602142100	0.311
201602142200	0.308
201602142300	0.37
201602150000	0.262
201602150100	0.297
201602150200	0.292
201602150300	0.205
201602150400	0.179
201602150500	0.081
201602150600	0.049
201602150700	-0.059
201602150800	-0.174
201602150900	-0.131
201602151000	-0.114
201602151100	-0.056
201602151200	0.157
201602151300	0.243
201602151400	0.345
201602151500	0.35
201602151600	0.545
201602151700	0.496
201602151800	0.397
201602151900	0.358
201602152000	0.227
201602152100	0.242
201602152200	0.266
201602152300	0.26
201602160000	0.304
201602160100	0.17
201602160200	0.117
201602160300	0.098
201602160400	-0.01
201602160500	-0.042
201602160600	-0.315
201602160700	-0.245
201602160800	-0.38
201602160900	-0.252
201602161000	-0.34
201602161100	-0.122
201602161200	-0.069
201602161300	0.117
201602161400	0.132
201602161500	0.248
201602161600	0.213
201602161700	0.292
201602161800	0.227
201602161900	0.279
201602162000	0.249
201602162100	0.223
201602162200	0.258
201602162300	0.153
201602170000	0.226
201602170100	0.24
201602170200	0.155
201602170300	0.175
201602170400	0.196
201602170500	0.08
201602170600	0.014
201602170700	-0.102
201602170800	-0.137
201602170900	-0.223
201602171000	-0.434
201602171100	-0.435
201602171200	-0.484
201602171300	-0.305
201602171400	-0.133
201602171500	0.049
201602171600	0.201
201602171700	0.221
201602171800	0.314
201602171900	0.378
201602172000	0.365
201602172100	0.317
201602172200	0.194
201602172300	0.135
201602180000	0.225
201602180100	0.185
201602180200	0.228
201602180300	0.174
201602180400	0.222
201602180500	0.146
201602180600	0.088
201602180700	-0.018
201602180800	-0.086
201602180900	-0.247
201602181000	-0.3
201602181100	-0.385
201602181200	-0.303
201602181300	-0.335
201602181400	-0.129
201602181500	0.07
201602181600	0.217
201602181700	0.318
201602181800	0.472
201602181900	0.322
201602182000	0.524
201602182100	0.312
201602182200	0.363
201602182300	0.273
201602190000	0.311
201602190100	0.368
201602190200	0.409
201602190300	0.401
201602190400	0.409
201602190500	0.438
201602190600	0.395
201602190700	0.307
201602190800	0.176
201602190900	0.039
201602191000	-0.097
201602191100	-0.237
201602191200	-0.287
201602191300	-0.344
201602191400	-0.374
201602191500	-0.184
201602191600	-0.089
201602191700	0.145
201602191800	0.265
201602191900	0.372
201602192000	0.385
201602192100	0.278
201602192200	0.314
201602192300	0.143
201602200000	0.134
201602200100	0.125
201602200200	0.146
201602200300	0.202
201602200400	0.29
201602200500	0.255
201602200600	0.307
201602200700	0.178
201602200800	0.065
201602200900	0.008
201602201000	-0.114
201602201100	-0.258
201602201200	-0.341
201602201300	-0.286
201602201400	-0.375
201602201500	-0.128
201602201600	-0.114
201602201700	0.203
201602201800	0.159
201602201900	0.311
201602202000	0.426
201602202100	0.367
201602202200	0.274
201602202300	0.231
201602210000	0.217
201602210100	0.093
201602210200	0.259
201602210300	0.186
201602210400	0.213
201602210500	0.315
201602210600	0.307
201602210700	0.285
201602210800	0.271
201602210900	0.154
201602211000	0.074
201602211100	-0.135
201602211200	-0.196
201602211300	-0.311
201602211400	-0.25
201602211500	-0.246
201602211600	-0.029
201602211700	0.025
201602211800	0.149
201602211900	0.288
201602212000	0.313
201602212100	0.266
201602212200	0.296
201602212300	0.234
201602220000	0.146
201602220100	0.133
201602220200	0.107
201602220300	0.189
201602220400	0.329
201602220500	0.283
201602220600	0.372
201602220700	0.305
201602220800	0.324
201602220900	0.213
201602221000	0.187
201602221100	0.134
201602221200	0.081
201602221300	-0.114
201602221400	-0.11
201602221500	-0.176
201602221600	-0.126
201602221700	0.181
201602221800	0.194
201602221900	0.304
201602222000	0.262
201602222100	0.428
201602222200	0.398
201602222300	0.448
201602230000	0.191
201602230100	0.201
201602230200	0.236
201602230300	0.042
201602230400	0.288
201602230500	0.1
201602230600	0.263
201602230700	0.34
201602230800	0.397
201602230900	0.389
201602231000	0.232
201602231100	0.178
201602231200	0.196
201602231300	0.136
201602231400	0.071
201602231500	0.014
201602231600	-0.172
201602231700	0.176
201602231800	0.463
201602231900	0.621
201602232000	0.817
201602232100	0.901
201602232200	0.836
201602232300	0.596
201602240000	0.396
201602240100	0.571
201602240200	0.101
201602240300	0.239
201602240400	-0.077
201602240500	-0.408
201602240600	-0.573
201602240700	-0.453
201602240800	-0.205
201602240900	-0.112
201602241000	-0.151
201602241100	-0.363
201602241200	-0.422
201602241300	-0.76
201602241400	-0.603
201602241500	-0.741
201602241600	-0.733
201602241700	-0.684
201602241800	-0.598
201602241900	-0.417
201602242000	-0.229
201602242100	-0.277
201602242200	-0.34
201602242300	-0.342
201602250000	-0.446
201602250100	-0.48
201602250200	-0.591
201602250300	-0.634
201602250400	-0.566
201602250500	-0.621
201602250600	-0.565
201602250700	-0.444
201602250800	-0.441
201602250900	-0.325
201602251000	-0.287
201602251100	-0.201
201602251200	-0.197
201602251300	-0.242
201602251400	-0.341
201602251500	-0.346
201602251600	-0.313
201602251700	-0.294
201602251800	-0.225
201602251900	-0.133
201602252000	-0.072
201602252100	0.02
201602252200	0.031
201602252300	0.005
201602260000	-0.062
201602260100	-0.112
201602260200	-0.217
201602260300	-0.212
201602260400	-0.302
201602260500	-0.341
201602260600	-0.418
201602260700	-0.455
201602260800	-0.39
201602260900	-0.378
201602261000	-0.296
201602261100	-0.243
201602261200	-0.198
201602261300	-0.177
201602261400	-0.157
201602261500	-0.145
201602261600	-0.18
201602261700	-0.166
201602261800	-0.207
201602261900	-0.17
201602262000	-0.158
201602262100	-0.035
201602262200	0.042
201602262300	0.089
201602270000	0.033
201602270100	0.012
201602270200	-0.108
201602270300	-0.128
201602270400	-0.144
201602270500	-0.238
201602270600	-0.298
201602270700	-0.269
201602270800	-0.173
201602270900	-0.104
201602271000	0.005
201602271100	0.062
201602271200	0.084
201602271300	-0.053
201602271400	-0.102
201602271500	-0.167
201602271600	-0.191
201602271700	-0.192
201602271800	-0.189
201602271900	-0.099
201602272000	-0.069
201602272100	0.019
201602272200	0.083
201602272300	0.034
201602280000	-0.024
201602280100	-0.084
201602280200	-0.046
201602280300	-0.129
201602280400	-0.128
201602280500	-0.193
201602280600	-0.296
201602280700	-0.128
201602280800	-0.083
201602280900	0.004
201602281000	0.067
201602281100	0.122
201602281200	0.047
201602281300	0.11
201602281400	0.072
201602281500	0.176
201602281600	0.068
201602281700	0.043
201602281800	0.062
201602281900	0.119
201602282000	0.08
201602282100	0.032
201602282200	0.059
201602282300	0.143
201602290000	0.057
201602290100	0.108
201602290200	0.042
201602290300	0.052
201602290400	-0.095
201602290500	-0.133
201602290600	-0.146
201602290700	-0.167
201602290800	-0.146
201602290900	-0.097
201602291000	-0.05
201602291100	-0.064
201602291200	0.128
201602291300	0.078
201602291400	0.115
201602291500	0.131
201602291600	0.194
201602291700	0.147
201602291800	0.141
201602291900	0.105
201602292000	0.089
201602292100	0.189
201602292200	0.114
201602292300	0.121
201603010000	0.173
