#======================================================
# Generated on 2021-12-03 13:32 
#======================================================
# Location    : Grand_Isle
# Position    : (-89.95700,29.26300)
# Source      : observed
# Unit        : waterlevel
# Analyse time: null
# Timezone    : GMT
#======================================================
201602010000	0.186
201602010100	0.178
201602010200	0.169
201602010300	0.163
201602010400	0.156
201602010500	0.119
201602010600	0.096
201602010700	0.088
201602010800	0.057
201602010900	0.052
201602011000	0.041
201602011100	0.054
201602011200	0.041
201602011300	0.058
201602011400	0.069
201602011500	0.084
201602011600	0.094
201602011700	0.117
201602011800	0.129
201602011900	0.138
201602012000	0.152
201602012100	0.173
201602012200	0.169
201602012300	0.181
201602020000	0.171
201602020100	0.17
201602020200	0.152
201602020300	0.139
201602020400	0.118
201602020500	0.094
201602020600	0.064
201602020700	0.067
201602020800	0.053
201602020900	0.045
201602021000	0.015
201602021100	0.032
201602021200	0.06
201602021300	0.084
201602021400	0.099
201602021500	0.132
201602021600	0.149
201602021700	0.181
201602021800	0.182
201602021900	0.212
201602022000	0.26
201602022100	0.29
201602022200	0.299
201602022300	0.309
201602030000	0.317
201602030100	0.325
201602030200	0.299
201602030300	0.262
201602030400	0.225
201602030500	0.189
201602030600	0.133
201602030700	0.088
201602030800	0.068
201602030900	0.042
201602031000	0.048
201602031100	-0.035
201602031200	-0.121
201602031300	0.006
201602031400	0.08
201602031500	0.08
201602031600	0.094
201602031700	0.135
201602031800	0.182
201602031900	0.215
201602032000	0.193
201602032100	0.245
201602032200	0.252
201602032300	0.261
201602040000	0.28
201602040100	0.251
201602040200	0.237
201602040300	0.216
201602040400	0.141
201602040500	0.083
201602040600	-0.007
201602040700	-0.072
201602040800	-0.137
201602040900	-0.167
201602041000	-0.167
201602041100	-0.184
201602041200	-0.184
201602041300	-0.194
201602041400	-0.163
201602041500	-0.139
201602041600	-0.117
201602041700	-0.086
201602041800	-0.04
201602041900	0.01
201602042000	0.018
201602042100	0.029
201602042200	0.054
201602042300	0.063
201602050000	0.039
201602050100	0.035
201602050200	0.019
201602050300	0.005
201602050400	-0.023
201602050500	-0.073
201602050600	-0.125
201602050700	-0.182
201602050800	-0.237
201602050900	-0.265
201602051000	-0.28
201602051100	-0.295
201602051200	-0.289
201602051300	-0.268
201602051400	-0.248
201602051500	-0.216
201602051600	-0.177
201602051700	-0.145
201602051800	-0.107
201602051900	-0.074
201602052000	-0.031
201602052100	0.007
201602052200	0.046
201602052300	0.08
201602060000	0.1
201602060100	0.122
201602060200	0.141
201602060300	0.124
201602060400	0.105
201602060500	0.067
201602060600	0.008
201602060700	-0.077
201602060800	-0.158
201602060900	-0.19
201602061000	-0.202
201602061100	-0.229
201602061200	-0.258
201602061300	-0.295
201602061400	-0.222
201602061500	-0.2
201602061600	-0.16
201602061700	-0.109
201602061800	-0.087
201602061900	-0.029
201602062000	-0.007
201602062100	0.02
201602062200	0.041
201602062300	0.07
201602070000	0.089
201602070100	0.1
201602070200	0.095
201602070300	0.097
201602070400	0.046
201602070500	-0.023
201602070600	-0.094
201602070700	-0.141
201602070800	-0.213
201602070900	-0.302
201602071000	-0.327
201602071100	-0.369
201602071200	-0.39
201602071300	-0.405
201602071400	-0.407
201602071500	-0.379
201602071600	-0.337
201602071700	-0.297
201602071800	-0.26
201602071900	-0.217
201602072000	-0.164
201602072100	-0.096
201602072200	-0.054
201602072300	0.005
201602080000	0.057
201602080100	0.102
201602080200	0.137
201602080300	0.153
201602080400	0.159
201602080500	0.147
201602080600	0.13
201602080700	0.085
201602080800	0.022
201602080900	-0.061
201602081000	-0.138
201602081100	-0.178
201602081200	-0.211
201602081300	-0.245
201602081400	-0.278
201602081500	-0.303
201602081600	-0.286
201602081700	-0.277
201602081800	-0.233
201602081900	-0.215
201602082000	-0.157
201602082100	-0.165
201602082200	-0.181
201602082300	-0.195
201602090000	-0.15
201602090100	-0.138
201602090200	-0.146
201602090300	-0.119
201602090400	-0.088
201602090500	-0.129
201602090600	-0.169
201602090700	-0.2
201602090800	-0.229
201602090900	-0.308
201602091000	-0.396
201602091100	-0.434
201602091200	-0.463
201602091300	-0.5
201602091400	-0.508
201602091500	-0.489
201602091600	-0.472
201602091700	-0.446
201602091800	-0.439
201602091900	-0.397
201602092000	-0.346
201602092100	-0.333
201602092200	-0.298
201602092300	-0.276
201602100000	-0.273
201602100100	-0.25
201602100200	-0.213
201602100300	-0.187
201602100400	-0.161
201602100500	-0.134
201602100600	-0.133
201602100700	-0.153
201602100800	-0.177
201602100900	-0.232
201602101000	-0.292
201602101100	-0.333
201602101200	-0.365
201602101300	-0.384
201602101400	-0.396
201602101500	-0.423
201602101600	-0.418
201602101700	-0.416
201602101800	-0.416
201602101900	-0.379
201602102000	-0.359
201602102100	-0.357
201602102200	-0.352
201602102300	-0.348
201602110000	-0.35
201602110100	-0.327
201602110200	-0.312
201602110300	-0.298
201602110400	-0.275
201602110500	-0.253
201602110600	-0.228
201602110700	-0.218
201602110800	-0.214
201602110900	-0.22
201602111000	-0.245
201602111100	-0.272
201602111200	-0.304
201602111300	-0.317
201602111400	-0.32
201602111500	-0.327
201602111600	-0.323
201602111700	-0.313
201602111800	-0.295
201602111900	-0.275
201602112000	-0.271
201602112100	-0.269
201602112200	-0.258
201602112300	-0.253
201602120000	-0.258
201602120100	-0.252
201602120200	-0.225
201602120300	-0.21
201602120400	-0.191
201602120500	-0.192
201602120600	-0.179
201602120700	-0.176
201602120800	-0.18
201602120900	-0.18
201602121000	-0.185
201602121100	-0.21
201602121200	-0.224
201602121300	-0.245
201602121400	-0.255
201602121500	-0.249
201602121600	-0.25
201602121700	-0.242
201602121800	-0.234
201602121900	-0.229
201602122000	-0.215
201602122100	-0.204
201602122200	-0.211
201602122300	-0.22
201602130000	-0.241
201602130100	-0.246
201602130200	-0.252
201602130300	-0.252
201602130400	-0.256
201602130500	-0.255
201602130600	-0.247
201602130700	-0.247
201602130800	-0.233
201602130900	-0.207
201602131000	-0.199
201602131100	-0.177
201602131200	-0.173
201602131300	-0.171
201602131400	-0.167
201602131500	-0.152
201602131600	-0.149
201602131700	-0.141
201602131800	-0.129
201602131900	-0.12
201602132000	-0.113
201602132100	-0.101
201602132200	-0.101
201602132300	-0.109
201602140000	-0.137
201602140100	-0.159
201602140200	-0.198
201602140300	-0.215
201602140400	-0.228
201602140500	-0.239
201602140600	-0.247
201602140700	-0.248
201602140800	-0.236
201602140900	-0.196
201602141000	-0.183
201602141100	-0.16
201602141200	-0.147
201602141300	-0.117
201602141400	-0.081
201602141500	-0.054
201602141600	-0.035
201602141700	-0.007
201602141800	0.017
201602141900	0.035
201602142000	0.055
201602142100	0.071
201602142200	0.082
201602142300	0.084
201602150000	0.058
201602150100	0.009
201602150200	-0.035
201602150300	-0.077
201602150400	-0.11
201602150500	-0.136
201602150600	-0.166
201602150700	-0.177
201602150800	-0.173
201602150900	-0.167
201602151000	-0.134
201602151100	-0.122
201602151200	-0.076
201602151300	-0.042
201602151400	-0.026
201602151500	0.005
201602151600	0.021
201602151700	0.063
201602151800	0.124
201602151900	0.144
201602152000	0.173
201602152100	0.196
201602152200	0.236
201602152300	0.221
201602160000	0.204
201602160100	0.12
201602160200	0.058
201602160300	0.015
201602160400	0.003
201602160500	-0.105
201602160600	-0.169
201602160700	-0.196
201602160800	-0.219
201602160900	-0.247
201602161000	-0.277
201602161100	-0.217
201602161200	-0.179
201602161300	-0.149
201602161400	-0.143
201602161500	-0.101
201602161600	-0.057
201602161700	-0.014
201602161800	0.02
201602161900	0.06
201602162000	0.083
201602162100	0.089
201602162200	0.097
201602162300	0.094
201602170000	0.091
201602170100	0.062
201602170200	0.046
201602170300	-0.005
201602170400	-0.078
201602170500	-0.119
201602170600	-0.136
201602170700	-0.176
201602170800	-0.22
201602170900	-0.251
201602171000	-0.26
201602171100	-0.246
201602171200	-0.232
201602171300	-0.212
201602171400	-0.184
201602171500	-0.142
201602171600	-0.097
201602171700	-0.062
201602171800	-0.034
201602171900	0.001
201602172000	0.038
201602172100	0.049
201602172200	0.057
201602172300	0.06
201602180000	0.059
201602180100	0.047
201602180200	0.02
201602180300	-0.026
201602180400	-0.092
201602180500	-0.154
201602180600	-0.223
201602180700	-0.275
201602180800	-0.343
201602180900	-0.354
201602181000	-0.361
201602181100	-0.388
201602181200	-0.363
201602181300	-0.328
201602181400	-0.286
201602181500	-0.247
201602181600	-0.192
201602181700	-0.14
201602181800	-0.104
201602181900	-0.064
201602182000	-0.025
201602182100	0.009
201602182200	0.051
201602182300	0.07
201602190000	0.081
201602190100	0.089
201602190200	0.093
201602190300	0.072
201602190400	0.059
201602190500	0.014
201602190600	-0.041
201602190700	-0.102
201602190800	-0.16
201602190900	-0.208
201602191000	-0.241
201602191100	-0.279
201602191200	-0.297
201602191300	-0.277
201602191400	-0.25
201602191500	-0.241
201602191600	-0.222
201602191700	-0.179
201602191800	-0.153
201602191900	-0.104
201602192000	-0.074
201602192100	-0.028
201602192200	0.014
201602192300	0.029
201602200000	0.07
201602200100	0.085
201602200200	0.096
201602200300	0.097
201602200400	0.066
201602200500	0.039
201602200600	-0.011
201602200700	-0.079
201602200800	-0.145
201602200900	-0.205
201602201000	-0.215
201602201100	-0.22
201602201200	-0.25
201602201300	-0.277
201602201400	-0.258
201602201500	-0.228
201602201600	-0.165
201602201700	-0.144
201602201800	-0.104
201602201900	-0.083
201602202000	-0.027
201602202100	-0.003
201602202200	0.041
201602202300	0.077
201602210000	0.097
201602210100	0.118
201602210200	0.122
201602210300	0.132
201602210400	0.127
201602210500	0.1
201602210600	0.06
201602210700	0.005
201602210800	-0.052
201602210900	-0.102
201602211000	-0.151
201602211100	-0.177
201602211200	-0.185
201602211300	-0.19
201602211400	-0.203
201602211500	-0.19
201602211600	-0.17
201602211700	-0.139
201602211800	-0.113
201602211900	-0.086
201602212000	-0.067
201602212100	-0.044
201602212200	-0.031
201602212300	0.008
201602220000	0.038
201602220100	0.061
201602220200	0.078
201602220300	0.101
201602220400	0.118
201602220500	0.116
201602220600	0.105
201602220700	0.079
201602220800	0.047
201602220900	-0.016
201602221000	-0.055
201602221100	-0.05
201602221200	-0.063
201602221300	-0.057
201602221400	-0.088
201602221500	-0.063
201602221600	-0.038
201602221700	-0.023
201602221800	-0.01
201602221900	0.009
201602222000	0.022
201602222100	0.062
201602222200	0.063
201602222300	0.067
201602230000	0.1
201602230100	0.128
201602230200	0.113
201602230300	0.126
201602230400	0.148
201602230500	0.152
201602230600	0.151
201602230700	0.132
201602230800	0.103
201602230900	0.073
201602231000	0.043
201602231100	0.018
201602231200	0.021
201602231300	0.036
201602231400	0.045
201602231500	0.045
201602231600	0.033
201602231700	0.036
201602231800	0.085
201602231900	0.098
201602232000	0.113
201602232100	0.12
201602232200	0.17
201602232300	0.241
201602240000	0.221
201602240100	0.247
201602240200	0.256
201602240300	0.313
201602240400	0.328
201602240500	0.242
201602240600	0.211
201602240700	0.151
201602240800	0.093
201602240900	0.077
201602241000	0.015
201602241100	-0.086
201602241200	-0.182
201602241300	-0.185
201602241400	-0.182
201602241500	-0.175
201602241600	-0.236
201602241700	-0.258
201602241800	-0.223
201602241900	-0.205
201602242000	-0.224
201602242100	-0.221
201602242200	-0.203
201602242300	-0.225
201602250000	-0.236
201602250100	-0.245
201602250200	-0.24
201602250300	-0.241
201602250400	-0.24
201602250500	-0.241
201602250600	-0.256
201602250700	-0.262
201602250800	-0.273
201602250900	-0.312
201602251000	-0.316
201602251100	-0.329
201602251200	-0.303
201602251300	-0.299
201602251400	-0.28
201602251500	-0.271
201602251600	-0.257
201602251700	-0.246
201602251800	-0.232
201602251900	-0.222
201602252000	-0.209
201602252100	-0.212
201602252200	-0.222
201602252300	-0.248
201602260000	-0.258
201602260100	-0.276
201602260200	-0.261
201602260300	-0.254
201602260400	-0.249
201602260500	-0.255
201602260600	-0.215
201602260700	-0.253
201602260800	-0.285
201602260900	-0.288
201602261000	-0.294
201602261100	-0.301
201602261200	-0.296
201602261300	-0.288
201602261400	-0.306
201602261500	-0.301
201602261600	-0.293
201602261700	-0.294
201602261800	-0.294
201602261900	-0.28
201602262000	-0.27
201602262100	-0.271
201602262200	-0.279
201602262300	-0.28
201602270000	-0.299
201602270100	-0.301
201602270200	-0.31
201602270300	-0.31
201602270400	-0.319
201602270500	-0.321
201602270600	-0.301
201602270700	-0.289
201602270800	-0.275
201602270900	-0.262
201602271000	-0.247
201602271100	-0.246
201602271200	-0.231
201602271300	-0.217
201602271400	-0.205
201602271500	-0.194
201602271600	-0.18
201602271700	-0.165
201602271800	-0.149
201602271900	-0.139
201602272000	-0.134
201602272100	-0.14
201602272200	-0.143
201602272300	-0.177
201602280000	-0.2
201602280100	-0.23
201602280200	-0.244
201602280300	-0.257
201602280400	-0.271
201602280500	-0.28
201602280600	-0.295
201602280700	-0.278
201602280800	-0.274
201602280900	-0.253
201602281000	-0.244
201602281100	-0.225
201602281200	-0.202
201602281300	-0.176
201602281400	-0.151
201602281500	-0.132
201602281600	-0.105
201602281700	-0.092
201602281800	-0.07
201602281900	-0.05
201602282000	-0.035
201602282100	-0.033
201602282200	-0.031
201602282300	-0.043
201602290000	-0.073
201602290100	-0.084
201602290200	-0.114
201602290300	-0.117
201602290400	-0.142
201602290500	-0.157
201602290600	-0.171
201602290700	-0.17
201602290800	-0.179
201602290900	-0.174
201602291000	-0.159
201602291100	-0.149
201602291200	-0.143
201602291300	-0.122
201602291400	-0.114
201602291500	-0.077
201602291600	-0.068
201602291700	-0.046
201602291800	-0.033
201602291900	-0.024
201602292000	-0.018
201602292100	-0.023
201602292200	-0.015
201602292300	-0.036
201603010000	-0.061
201603010100	-0.088
201603010200	-0.106
201603010300	-0.14
201603010400	-0.165
201603010500	-0.18
201603010600	-0.189
201603010700	-0.195
201603010800	-0.201
201603010900	-0.188
201603011000	-0.173
201603011100	-0.149
201603011200	-0.123
201603011300	-0.092
201603011400	-0.062
201603011500	-0.038
201603011600	-0.015
201603011700	0.024
201603011800	0.038
201603011900	0.066
201603012000	0.089
201603012100	0.096
201603012200	0.086
201603012300	0.074
