#======================================================
# Generated on 2021-12-01 13:04 
#======================================================
# Location    : Pascagoula
# Position    : (-88.56306,30.36778)
# Source      : observed
# Unit        : waterlevel
# Analyse time: null
# Timezone    : null
#======================================================
201601010000	0.18
201601010100	0.127
201601010200	0.125
201601010300	0.147
201601010400	0.141
201601010500	0.176
201601010600	0.17
201601010700	0.16
201601010800	0.121
201601010900	0.081
201601011000	0.057
201601011100	0.016
201601011200	-0.075
201601011300	-0.089
201601011400	-0.146
201601011500	-0.134
201601011600	-0.102
201601011700	0.006
201601011800	0.011
201601011900	0.029
201601012000	0.06
201601012100	0.064
201601012200	0.047
201601012300	0.079
201601020000	0.087
201601020100	0.077
201601020200	0.029
201601020300	-0.001
201601020400	-0.008
201601020500	0.01
201601020600	0.072
201601020700	0.066
201601020800	0.017
201601020900	-0.019
201601021000	-0.035
201601021100	-0.083
201601021200	-0.109
201601021300	-0.125
201601021400	-0.087
201601021500	-0.088
201601021600	-0.06
201601021700	-0.038
201601021800	0.007
201601021900	0.04
201601022000	0.063
201601022100	0.081
201601022200	0.12
201601022300	0.126
