#======================================================
# Generated on 2021-12-01 13:04 
#======================================================
# Location    : Pilottown
# Position    : (-89.25831,29.17831)
# Source      : observed
# Unit        : waterlevel
# Analyse time: null
# Timezone    : null
#======================================================
201601010000	0.172
201601010100	0.176
201601010200	0.183
201601010300	0.185
201601010400	0.191
201601010500	0.174
201601010600	0.167
201601010700	0.162
201601010800	0.152
201601010900	0.147
201601011000	0.138
201601011100	0.136
201601011200	0.132
201601011300	0.121
201601011400	0.105
201601011500	0.102
201601011600	0.105
201601011700	0.115
201601011800	0.12
201601011900	0.115
201601012000	0.13
201601012100	0.144
201601012200	0.146
201601012300	0.17
201601020000	0.172
201601020100	0.181
201601020200	0.196
201601020300	0.192
201601020400	0.194
201601020500	0.194
201601020600	0.168
201601020700	0.156
201601020800	0.152
201601020900	0.143
201601021000	0.125
201601021100	0.112
201601021200	0.097
201601021300	0.094
201601021400	0.1
201601021500	0.097
201601021600	0.099
201601021700	0.091
201601021800	0.114
201601021900	0.108
201601022000	0.133
201601022100	0.153
201601022200	0.173
201601022300	0.179
