#======================================================
# Generated on 2021-12-01 13:04 
#======================================================
# Location    : Port_Fourchon
# Position    : (-90.19925,29.11425)
# Source      : observed
# Unit        : waterlevel
# Analyse time: null
# Timezone    : null
#======================================================
201601010000	0.129
201601010100	0.138
201601010200	0.146
201601010300	0.157
201601010400	0.165
201601010500	0.158
201601010600	0.147
201601010700	0.141
201601010800	0.122
201601010900	0.104
201601011000	0.089
201601011100	0.05
201601011200	0.005
201601011300	-0.049
201601011400	-0.066
201601011500	-0.02
201601011600	0.013
201601011700	0.031
201601011800	0.024
201601011900	0.028
201601012000	0.05
201601012100	0.084
201601012200	0.098
201601012300	0.109
201601020000	0.129
201601020100	0.141
201601020200	0.132
201601020300	0.106
201601020400	0.099
201601020500	0.096
201601020600	0.077
201601020700	0.061
201601020800	0.058
201601020900	0.043
201601021000	-0.02
201601021100	-0.023
201601021200	-0.031
201601021300	-0.03
201601021400	-0.047
201601021500	-0.046
201601021600	-0.03
201601021700	-0.008
201601021800	0.012
201601021900	0.019
201601022000	0.042
201601022100	0.078
201601022200	0.1
201601022300	0.119
