#======================================================
# Generated on 2021-11-29 17:35 
#======================================================
# Location    : Bay_Waveland_Yacht_Club
# Position    : (-89.32500,30.32500)
# Source      : observed
# Unit        : waterlevel
# Analyse time: null
# Timezone    : GMT
#======================================================
201601010000	0.234
201601010100	0.249
201601051800	0.165
201601051900	0.17
201601052000	0.218
201601052100	0.248
201601052200	0.318
201601052300	0.371
201601060000	0.412
201601060100	0.45
201601060200	0.473
201601060300	0.491
201601060400	0.504
201601060500	0.524
201601060600	0.544
201601060700	0.51
201601060800	0.406
201601060900	0.284
201601061000	0.198
201601061100	0.138
201601061200	0.096
201601061300	0.059
201601061400	0.036
201601061500	0.042
201601061600	0.103
201601061700	0.204
201601061800	0.29
201601061900	0.294
201601062000	0.311
201601062100	0.365
201601062200	0.43
201601062300	0.494
201601070000	0.55
201601070100	0.582
201601070200	0.578
201601070300	0.533
201601070400	0.506
201601070500	0.504
201601070600	0.513
201601070700	0.517
201601070800	0.455
201601070900	0.36
201601071000	0.278
201601071100	0.223
201601071200	0.195
201601071300	0.185
201601071400	0.194
201601071500	0.21
201601071600	0.248
201601071700	0.319
201601071800	0.384
201601071900	0.44
201601072000	0.482
201601072100	0.534
201601072200	0.596
201601072300	0.636
201601080000	0.688
201601080100	0.715
201601080200	0.746
201601080300	0.756
201601080400	0.732
201601080500	0.686
201601080600	0.623
201601080700	0.532
201601080800	0.421
201601080900	0.326
201601081000	0.246
201601081100	0.177
201601081200	0.106
201601081300	0.028
201601081400	-0.028
201601081500	-0.038
201601081600	-0.01
201601081700	0.037
201601081800	0.106
201601081900	0.204
201601082000	0.279
201601082100	0.338
201601082200	0.388
201601082300	0.443
201601090000	0.509
201601090100	0.581
201601090200	0.636
201601090300	0.677
201601090400	0.687
201601090500	0.693
201601090600	0.701
201601090700	0.652
201601090800	0.55
201601090900	0.441
201601091000	0.348
201601091100	0.261
201601091200	0.181
201601091300	0.136
201601091400	0.1
201601091500	0.085
201601091600	0.102
201601091700	0.162
201601091800	0.273
201601091900	0.368
201601092000	0.425
201601092100	0.445
201601092200	0.489
201601092300	0.47
201601100000	0.453
201601100100	0.452
201601100200	0.458
201601100300	0.525
201601100400	0.548
201601100500	0.504
201601100600	0.401
201601100700	0.287
201601100800	0.183
201601100900	0.049
201601101000	-0.019
201601101100	-0.081
201601101200	-0.159
201601101300	-0.218
201601101400	-0.259
201601101500	-0.309
201601101600	-0.336
201601101700	-0.345
201601101800	-0.34
201601101900	-0.328
201601102000	-0.216
201601102100	-0.089
201601102200	0.019
201601102300	0.064
201601110000	0.074
201601110100	0.088
201601110200	0.111
201601110300	0.135
201601110400	0.19
201601110500	0.229
201601110600	0.23
201601110700	0.225
201601110800	0.192
201601110900	0.127
201601111000	0.059
201601111100	-0.022
201601111200	-0.102
201601111300	-0.151
201601111400	-0.172
201601111500	-0.176
201601111600	-0.159
201601111700	-0.135
201601111800	-0.147
201601111900	-0.121
201601112000	-0.086
201601112100	-0.055
201601112200	0.007
201601112300	0.082
201601120000	0.138
201601120100	0.181
201601120200	0.23
201601120300	0.284
201601120400	0.342
201601120500	0.386
201601120600	0.406
201601120700	0.389
201601120800	0.32
201601120900	0.227
201601121000	0.149
201601121100	0.071
201601121200	-0.016
201601121300	-0.113
201601121400	-0.176
201601121500	-0.229
201601121600	-0.288
201601121700	-0.298
201601121800	-0.286
201601121900	-0.244
201601122000	-0.186
201601122100	-0.089
201601122200	0.009
201601122300	0.061
201601130000	0.09
201601130100	0.088
201601130200	0.088
201601130300	0.112
201601130400	0.168
201601130500	0.247
201601130600	0.291
201601130700	0.274
201601130800	0.214
201601130900	0.14
201601131000	0.073
201601131100	0.024
201601131200	-0.022
201601131300	-0.084
201601131400	-0.135
201601131500	-0.182
201601131600	-0.207
201601131700	-0.176
201601131800	-0.116
201601131900	-0.05
201601132000	0.001
201601132100	0.038
201601132200	0.1
201601132300	0.163
201601140000	0.208
201601140100	0.213
201601140200	0.209
201601140300	0.222
201601140400	0.257
201601140500	0.306
201601140600	0.346
201601140700	0.348
201601140800	0.322
201601140900	0.266
201601141000	0.242
201601141100	0.23
201601141200	0.204
201601141300	0.136
201601141400	0.065
201601141500	0.021
201601141600	0.024
201601141700	0.05
201601141800	0.082
201601141900	0.134
201601142000	0.206
201601142100	0.254
201601142200	0.292
201601142300	0.336
201601150000	0.384
201601150100	0.432
201601150200	0.449
201601150300	0.435
201601150400	0.417
201601150500	0.441
201601150600	0.469
201601150700	0.501
201601150800	0.451
201601150900	0.438
201601151000	0.499
201601151100	0.529
201601151200	0.421
201601151300	0.265
201601151400	0.201
201601151500	0.201
201601151600	0.274
201601151700	0.302
201601151800	0.228
201601151900	0.192
201601152000	0.252
201601152100	0.365
201601152200	0.395
201601152300	0.406
201601160000	0.462
201601160100	0.446
201601160200	0.372
201601160300	0.309
201601160400	0.247
201601160500	0.192
201601160600	0.163
201601160700	0.173
201601160800	0.175
201601160900	0.152
201601161000	0.114
201601161100	0.08
201601161200	0.086
201601161300	0.108
201601161400	0.133
201601161500	0.128
201601161600	0.14
201601161700	0.179
201601161800	0.173
201601161900	0.244
201601162000	0.298
201601162100	0.347
201601162200	0.383
201601162300	0.367
201601170000	0.374
201601170100	0.397
201601170200	0.383
201601170300	0.359
201601170400	0.391
201601170500	0.293
201601170600	0.205
201601170700	0.091
201601170800	-0.026
201601170900	-0.111
201601171000	-0.04
201601171100	-0.012
201601171200	-0.064
201601171300	-0.148
201601171400	-0.206
201601171500	-0.221
201601171600	-0.111
201601171700	0.021
201601171800	0.06
201601171900	0.041
201601172000	0.111
201601172100	0.185
201601172200	0.24
201601172300	0.264
201601180000	0.228
201601180100	0.184
201601180200	0.131
201601180300	0.119
201601180400	0.111
201601180500	0.06
201601180600	-0.015
201601180700	-0.103
201601180800	-0.168
201601180900	-0.216
201601181000	-0.251
201601181100	-0.249
201601181200	-0.208
201601181300	-0.157
201601181400	-0.093
201601181500	-0.047
201601181600	-0.006
201601181700	0.054
201601181800	0.055
201601181900	0.066
201601182000	0.109
201601182100	0.16
201601182200	0.21
201601182300	0.223
201601190000	0.227
201601190100	0.225
201601190200	0.186
201601190300	0.115
201601190400	0.052
201601190500	0.006
201601190600	-0.063
201601190700	-0.147
201601190800	-0.223
201601190900	-0.281
201601191000	-0.327
201601191100	-0.341
201601191200	-0.322
201601191300	-0.294
201601191400	-0.278
201601191500	-0.218
201601191600	-0.128
201601191700	-0.036
201601191800	0.017
201601191900	0.021
201601192000	0.053
201601192100	0.107
201601192200	0.2
201601192300	0.287
201601200000	0.363
201601200100	0.394
201601200200	0.393
201601200300	0.371
201601200400	0.363
201601200500	0.371
201601200600	0.349
201601200700	0.265
201601200800	0.148
201601200900	0.041
201601201000	-0.044
201601201100	-0.102
201601201200	-0.129
201601201300	-0.144
201601201400	-0.159
201601201500	-0.127
201601201600	-0.057
201601201700	0.013
201601201800	0.056
201601201900	0.117
201601202000	0.152
201601202100	0.164
201601202200	0.206
201601202300	0.273
201601210000	0.344
201601210100	0.397
201601210200	0.391
201601210300	0.366
201601210400	0.32
201601210500	0.277
201601210600	0.216
201601210700	0.141
201601210800	0.042
201601210900	-0.057
201601211000	-0.152
201601211100	-0.221
201601211200	-0.254
201601211300	-0.261
201601211400	-0.242
201601211500	-0.205
201601211600	-0.146
201601211700	-0.068
201601211800	0.036
201601211900	0.151
201601212000	0.24
201601212100	0.317
201601212200	0.4
201601212300	0.469
201601220000	0.538
201601220100	0.581
201601220200	0.616
201601220300	0.641
201601220400	0.614
201601220500	0.515
201601220600	0.543
201601220700	0.517
201601220800	0.423
201601220900	0.216
201601221000	0.042
201601221100	-0.114
201601221200	-0.237
201601221300	-0.329
201601221400	-0.444
201601221500	-0.543
201601221600	-0.636
201601221700	-0.71
201601221800	-0.773
201601221900	-0.764
201601222000	-0.705
201601222100	-0.644
201601222200	-0.583
201601222300	-0.577
201601230000	-0.56
201601230100	-0.598
201601230200	-0.556
201601230300	-0.511
201601230400	-0.466
201601230500	-0.464
201601230600	-0.462
201601230700	-0.436
201601230800	-0.425
201601230900	-0.434
201601231000	-0.478
201601231100	-0.531
201601231200	-0.579
201601231300	-0.646
201601231400	-0.702
201601231500	-0.767
201601231600	-0.774
201601231700	-0.707
201601231800	-0.628
201601231900	-0.535
201601232000	-0.439
201601232100	-0.352
201601232200	-0.286
201601232300	-0.261
201601240000	-0.251
201601240100	-0.235
201601240200	-0.192
201601240300	-0.129
201601240400	-0.054
201601240500	0.005
201601240600	0.025
201601240700	0.004
201601240800	-0.021
201601240900	-0.061
201601241000	-0.126
201601241100	-0.205
201601241200	-0.27
201601241300	-0.326
201601241400	-0.361
201601241500	-0.387
201601241600	-0.408
201601241700	-0.423
201601241800	-0.402
201601241900	-0.365
201601242000	-0.313
201601242100	-0.264
201601242200	-0.189
201601242300	-0.124
201601250000	-0.079
201601250100	-0.039
201601250200	0.011
201601250300	0.092
201601250400	0.172
201601250500	0.234
201601250600	0.256
201601250700	0.226
201601250800	0.163
201601250900	0.103
201601251000	0.03
201601251100	-0.048
201601251200	-0.137
201601251300	-0.214
201601251400	-0.268
201601251500	-0.288
201601251600	-0.27
201601251700	-0.229
201601251800	-0.162
201601251900	-0.1
201601252000	-0.018
201601252100	0.054
201601252200	0.13
201601252300	0.186
201601260000	0.228
201601260100	0.249
201601260200	0.273
201601260300	0.3
201601260400	0.356
201601260500	0.406
201601260600	0.417
201601260700	0.39
201601260800	0.341
201601260900	0.294
201601261000	0.222
201601261100	0.159
201601261200	0.103
201601261300	0.044
201601261400	-0.01
201601261500	-0.055
201601261600	-0.076
201601261700	-0.085
201601261800	-0.061
201601261900	-0.012
201601262000	0.063
201601262100	0.102
201601262200	0.09
201601262300	0.119
201601270000	0.103
201601270100	0.072
201601270200	0.138
201601270300	0.188
201601270400	0.204
201601270500	0.282
201601270600	0.338
201601270700	0.289
201601270800	0.212
201601270900	0.157
201601271000	0.161
201601271100	0.15
201601271200	0.1
201601271300	0.011
201601271400	-0.105
201601271500	-0.154
201601271600	-0.159
201601271700	-0.087
201601271800	-0.011
201601271900	0.056
201601272000	0.098
201601272100	0.075
201601272200	0.104
201601272300	0.149
201601280000	0.173
201601280100	0.161
201601280200	0.166
201601280300	0.137
201601280400	0.119
201601280500	0.127
201601280600	0.199
201601280700	0.262
201601280800	0.276
201601280900	0.239
201601281000	0.165
201601281100	0.123
201601281200	0.103
201601281300	0.082
201601281400	0.017
201601281500	-0.031
201601281600	-0.054
201601281700	-0.021
201601281800	-0.001
201601281900	0.013
201601282000	0.035
201601282100	0.066
201601282200	0.096
201601282300	0.113
201601290000	0.097
201601290100	0.073
201601290200	0.082
201601290300	0.088
201601290400	0.095
201601290500	0.072
201601290600	0.047
201601290700	0.004
201601290800	-0.031
201601290900	-0.065
201601291000	-0.095
201601291100	-0.114
201601291200	-0.118
201601291300	-0.159
201601291400	-0.204
201601291500	-0.248
201601291600	-0.273
201601291700	-0.255
201601291800	-0.221
201601291900	-0.15
201601292000	-0.048
201601292100	0.006
201601292200	0.024
201601292300	0.025
201601300000	0.039
201601300100	0.051
201601300200	0.044
201601300300	0.014
201601300400	-0.032
201601300500	-0.068
201601300600	-0.084
201601300700	-0.093
201601300800	-0.101
201601300900	-0.115
201601301000	-0.124
201601301100	-0.145
201601301200	-0.147
201601301300	-0.128
201601301400	-0.09
201601301500	-0.08
201601301600	-0.085
201601301700	-0.074
201601301800	-0.014
201601301900	0.054
201601302000	0.114
201601302100	0.172
201601302200	0.179
201601302300	0.177
201601310000	0.175
201601310100	0.19
201601310200	0.211
201601310300	0.191
201601310400	0.144
201601310500	0.085
201601310600	0.068
201601310700	0.069
201601310800	0.066
201601310900	0.034
201601311000	-0.009
201601311100	-0.031
201601311200	-0.022
201601311300	0.004
201601311400	0.028
201601311500	0.035
201601311600	0.05
201601311700	0.088
201601311800	0.131
201601311900	0.229
201601312000	0.308
201601312100	0.366
201601312200	0.395
201601312300	0.417
201602010000	0.436
201602010100	0.434
201602010200	0.423
201602010300	0.395
201602010400	0.341
201602010500	0.268
201602010600	0.215
201602010700	0.192
201602010800	0.148
201602010900	0.095
201602011000	0.048
201602011100	0.031
201602011200	0.039
201602011300	0.067
201602011400	0.1
201602011500	0.129
201602011600	0.145
201602011700	0.147
201602011800	0.166
201602011900	0.215
201602012000	0.268
201602012100	0.31
201602012200	0.325
201602012300	0.327
