#======================================================
# Generated on 2021-12-01 13:04 
#======================================================
# Location    : Bonnet_Carre_Spillway
# Position    : (-90.38997,30.06786)
# Source      : observed
# Unit        : waterlevel
# Analyse time: null
# Timezone    : null
#======================================================
201601010000	0.298
201601010100	0.285
201601010200	0.266
201601010300	0.259
201601010400	0.293
201601010500	0.335
201601010600	0.298
201601010700	0.313
201601010800	0.325
201601010900	0.311
201601011000	0.314
201601011100	0.343
201601011200	0.277
201601011300	0.365
201601011400	0.306
201601011500	0.316
201601011600	0.282
201601011700	0.274
201601011800	0.296
201601011900	0.241
201601012000	0.219
201601012100	0.187
201601012200	0.216
201601012300	0.169
201601020000	0.166
201601020100	0.206
201601020200	0.164
201601020300	0.214
201601020400	0.164
201601020500	0.146
201601020600	0.172
201601020700	0.162
201601020800	0.154
201601020900	0.167
201601021000	0.17
201601021100	0.193
201601021200	0.197
201601021300	0.177
201601021400	0.233
201601021500	0.198
201601021600	0.182
201601021700	0.172
201601021800	0.135
201601021900	0.151
201601022000	0.142
201601022100	0.091
201601022200	0.117
201601022300	0.107
