#======================================================
# Generated on 2021-12-01 13:04 
#======================================================
# Location    : Calcasieu_Pass
# Position    : (-93.34289,29.76817)
# Source      : observed
# Unit        : waterlevel
# Analyse time: null
# Timezone    : null
#======================================================
201601010000	0.187
201601010100	0.207
201601010200	0.258
201601010300	0.317
201601010400	0.292
201601010500	0.203
201601010600	0.153
201601010700	0.021
201601010800	-0.052
201601010900	-0.084
201601011000	-0.219
201601011100	-0.124
201601011200	0.034
201601011300	0.111
201601011400	0.154
201601011500	0.088
201601011600	0.074
201601011700	0.003
201601011800	0.013
201601011900	0.017
201601012000	0.055
201601012100	-0.011
201601012200	0.02
201601012300	0.046
201601020000	0.089
201601020100	0.122
201601020200	0.104
201601020300	0.171
201601020400	0.169
201601020500	0.153
201601020600	0.13
201601020700	0.017
201601020800	0.096
201601020900	0.043
201601021000	-0.02
201601021100	-0.028
201601021200	-0.037
201601021300	0.059
201601021400	0.069
201601021500	0.06
201601021600	0.066
201601021700	0.112
201601021800	0.195
201601021900	0.177
201601022000	0.144
201601022100	0.221
201601022200	0.172
201601022300	0.105
