#======================================================
# Generated on 2021-12-01 13:04 
#======================================================
# Location    : Coast_Guard_Sector_Mobile
# Position    : (-88.05831,30.64831)
# Source      : observed
# Unit        : waterlevel
# Analyse time: null
# Timezone    : null
#======================================================
201601010000	0.04
201601010100	0.056
201601010200	0.042
201601010300	0.055
201601010400	0.016
201601010500	-0.043
201601010600	-0.016
201601010700	0.006
201601010800	0.032
201601010900	0.014
201601011000	-0.024
201601011100	-0.062
201601011200	-0.095
201601011300	-0.141
201601011400	-0.205
201601011500	-0.159
201601011600	-0.134
201601011700	-0.177
201601011800	-0.215
201601011900	-0.217
201601012000	-0.191
201601012100	-0.031
201601012200	0.017
201601012300	-0.063
201601020000	-0.112
201601020100	-0.131
201601020200	-0.091
201601020300	-0.059
201601020400	-0.079
201601020500	-0.1
201601020600	-0.098
201601020700	-0.086
201601020800	-0.095
201601020900	-0.072
201601021000	-0.064
201601021100	-0.073
201601021200	-0.095
201601021300	-0.145
201601021400	-0.174
201601021500	-0.184
201601021600	-0.181
201601021700	-0.154
201601021800	-0.145
201601021900	-0.127
201601022000	-0.082
201601022100	-0.034
201601022200	0.03
201601022300	0.08
