#======================================================
# Generated on 2021-12-01 13:04 
#======================================================
# Location    : Dog_River_Bridge
# Position    : (-88.08800,30.56517)
# Source      : observed
# Unit        : waterlevel
# Analyse time: null
# Timezone    : null
#======================================================
201601010000	0.046
201601010100	0.079
201601010200	0.056
201601010300	0.054
201601010400	0.016
201601010500	-0.035
201601010600	-0.013
201601010700	0.011
201601010800	0.007
201601010900	0.012
201601011000	-0.03
201601011100	-0.074
201601011200	-0.128
201601011300	-0.181
201601011400	-0.195
201601011500	-0.173
201601011600	-0.147
201601011700	-0.204
201601011800	-0.229
201601011900	-0.236
201601012000	-0.142
201601012100	-0.041
201601012200	0.019
201601012300	-0.053
201601020000	-0.116
201601020100	-0.124
201601020200	-0.114
201601020300	-0.074
201601020400	-0.067
201601020500	-0.111
201601020600	-0.097
201601020700	-0.1
201601020800	-0.087
201601020900	-0.084
201601021000	-0.074
201601021100	-0.093
201601021200	-0.109
201601021300	-0.165
201601021400	-0.187
201601021500	-0.203
201601021600	-0.179
201601021700	-0.17
201601021800	-0.148
201601021900	-0.13
201601022000	-0.085
201601022100	-0.028
201601022200	0.061
201601022300	0.126
