#======================================================
# Generated on 2021-12-01 13:04 
#======================================================
# Location    : Eugene_Island
# Position    : (-91.38389,29.36750)
# Source      : observed
# Unit        : waterlevel
# Analyse time: null
# Timezone    : null
#======================================================
201601010000	0.208
201601010100	0.211
201601010200	0.146
201601010300	0.137
201601010400	0.147
201601010500	0.116
201601010600	0.051
201601010700	0.084
201601010800	0.037
201601010900	0.058
201601011000	-0.054
201601011100	-0.212
201601011200	-0.284
201601011300	-0.295
201601011400	-0.138
201601011500	0.14
201601011600	0.106
201601011700	0.098
201601011800	0.024
201601011900	-0.075
201601012000	-0.189
201601012100	-0.139
201601012200	0.056
201601012300	0.135
201601020000	0.185
201601020100	0.038
201601020200	-0.064
201601020300	-0.109
201601020400	-0.049
201601020500	0.046
201601020600	0.098
201601020700	0.076
201601020800	0.046
201601020900	0.021
201601021000	-0.041
201601021100	-0.078
201601021200	-0.091
201601021300	-0.051
201601021400	-0.012
201601021500	0.035
201601021600	0.007
201601021700	0.062
201601021800	0.123
201601021900	0.125
201601022000	0.126
201601022100	0.131
201601022200	0.182
201601022300	0.268
