#======================================================
# Generated on 2021-12-01 13:04 
#======================================================
# Location    : Freshwater_Canal_Locks
# Position    : (-92.30519,29.55169)
# Source      : observed
# Unit        : waterlevel
# Analyse time: null
# Timezone    : null
#======================================================
201601010000	0.34
201601010100	0.204
201601010200	0.186
201601010300	0.253
201601010400	0.066
201601010500	0.148
201601010600	0.214
201601010700	0.08
201601010800	-0.137
201601010900	-0.279
201601011000	-0.269
201601011100	-0.205
201601011200	-0.163
201601011300	-0.036
201601011400	0.042
201601011500	0.005
201601011600	-0.104
201601011700	-0.119
201601011800	-0.144
201601011900	-0.152
201601012000	-0.106
201601012100	-0.044
201601012200	-0.015
201601012300	-0.003
201601020000	-0.059
201601020100	-0.031
201601020200	-0.008
201601020300	0.078
201601020400	0.171
201601020500	-0.053
201601020600	0.068
201601020700	-0.129
201601020800	-0.098
201601020900	-0.113
201601021000	-0.115
201601021100	-0.17
201601021200	-0.003
201601021300	-0.144
201601021400	0.019
201601021500	-0.073
201601021600	0.036
201601021700	0.051
201601021800	0.206
201601021900	0.052
201601022000	0.129
201601022100	0.166
201601022200	0.384
201601022300	0.215
