#======================================================
# Generated on 2021-12-01 13:04 
#======================================================
# Location    : Grand_Isle
# Position    : (-89.95700,29.26300)
# Source      : observed
# Unit        : waterlevel
# Analyse time: null
# Timezone    : null
#======================================================
201601010000	0.068
201601010100	0.062
201601010200	0.075
201601010300	0.097
201601010400	0.093
201601010500	0.079
201601010600	0.079
201601010700	0.068
201601010800	0.048
201601010900	0.037
201601011000	0.031
201601011100	0.017
201601011200	-0.089
201601011300	-0.094
201601011400	-0.093
201601011500	-0.011
201601011600	-0.026
201601011700	-0.016
201601011800	-0.054
201601011900	-0.003
201601012000	0.029
201601012100	0.047
201601012200	0.04
201601012300	0.052
201601020000	0.072
201601020100	0.06
201601020200	0.052
201601020300	0.034
201601020400	0.033
201601020500	0.029
201601020600	0.003
201601020700	0.007
201601020800	-0.001
201601020900	-0.02
201601021000	-0.086
201601021100	-0.083
201601021200	-0.086
201601021300	-0.098
201601021400	-0.087
201601021500	-0.081
201601021600	-0.061
201601021700	-0.049
201601021800	-0.029
201601021900	-0.039
201601022000	0.01
201601022100	0.037
201601022200	0.034
201601022300	0.046
