#======================================================
# Generated on 2021-11-29 16:13 
#======================================================
# Location    : Dauphin_Island
# Position    : (-88.56306,30.36778)
# Source      : observed
# Unit        : waterlevel
# Analyse time: null
# Timezone    : GMT
#======================================================
201601010000	0.18
201601010100	0.127
201601010200	0.125
201601010300	0.147
201601010400	0.141
201601010500	0.176
201601010600	0.17
201601010700	0.16
201601010800	0.121
201601010900	0.081
201601011000	0.057
201601011100	0.016
201601011200	-0.075
201601011300	-0.089
201601011400	-0.146
201601011500	-0.134
201601011600	-0.102
201601011700	0.006
201601011800	0.011
201601011900	0.029
201601012000	0.06
201601012100	0.064
201601012200	0.047
201601012300	0.079
201601020000	0.087
201601020100	0.077
201601020200	0.029
201601020300	-0.001
201601020400	-0.008
201601020500	0.01
201601020600	0.072
201601020700	0.066
201601020800	0.017
201601020900	-0.019
201601021000	-0.035
201601021100	-0.083
201601021200	-0.109
201601021300	-0.125
201601021400	-0.087
201601021500	-0.088
201601021600	-0.06
201601021700	-0.038
201601021800	0.007
201601021900	0.04
201601022000	0.063
201601022100	0.081
201601022200	0.12
201601022300	0.126
201601030000	0.118
201601030100	0.146
201601030200	0.119
201601030300	0.124
201601030400	0.115
201601030500	0.098
201601030600	0.061
201601030700	0.014
201601030800	-0.01
201601030900	0.003
201601031000	-0.01
201601031100	-0.052
201601031200	-0.054
201601031300	-0.023
201601031400	0.006
201601031500	0.045
201601031600	0.082
201601031700	0.093
201601031800	0.099
201601031900	0.134
201601032000	0.166
201601032100	0.208
201601032200	0.225
201601032300	0.239
201601040000	0.222
201601040100	0.194
201601040200	0.165
201601040300	0.128
201601040400	0.077
201601040500	0.04
201601040600	-0.017
201601040700	-0.072
201601040800	-0.121
201601040900	-0.141
201601041000	-0.171
201601041100	-0.187
201601041200	-0.156
201601041300	-0.123
201601041400	-0.137
201601041500	-0.095
201601041600	-0.031
201601041700	0.043
201601041800	0.069
201601041900	0.087
201601042000	0.103
201601042100	0.135
201601042200	0.16
201601042300	0.159
201601050000	0.141
201601050100	0.108
201601050200	0.085
201601050300	0.081
201601050400	0.043
201601050500	-0.001
201601050600	-0.017
201601050700	-0.016
201601050800	-0.038
201601050900	-0.044
201601051000	-0.051
201601051100	-0.057
201601051200	-0.07
201601051300	-0.071
201601051400	-0.05
201601051500	0.005
201601051600	0.033
201601051700	0.078
201601051800	0.131
201601051900	0.176
201601052000	0.217
201601052100	0.249
201601052200	0.282
201601052300	0.325
201601060000	0.35
201601060100	0.353
201601060200	0.355
201601060300	0.361
201601060400	0.337
201601060500	0.29
201601060600	0.188
201601060700	0.113
201601060800	0.063
201601060900	0.019
201601061000	-0.015
201601061100	-0.067
201601061200	-0.091
201601061300	-0.091
201601061400	-0.041
201601061500	0.008
201601061600	0.044
201601061700	0.09
201601061800	0.142
201601061900	0.211
201601062000	0.239
201601062100	0.312
201601062200	0.395
201601062300	0.449
201601070000	0.465
201601070100	0.455
201601070200	0.441
201601070300	0.42
201601070400	0.416
201601070500	0.404
201601070600	0.336
201601070700	0.241
201601070800	0.185
201601070900	0.134
201601071000	0.11
201601071100	0.074
201601071200	0.061
201601071300	0.053
201601071400	0.071
201601071500	0.124
201601071600	0.153
201601071700	0.214
201601071800	0.241
201601071900	0.312
201601072000	0.37
201601072100	0.419
201601072200	0.458
201601072300	0.529
201601080000	0.604
201601080100	0.653
201601080200	0.682
201601080300	0.67
201601080400	0.61
201601080500	0.565
201601080600	0.464
201601080700	0.372
201601080800	0.289
201601080900	0.226
201601081000	0.158
201601081100	0.075
201601081200	0.023
201601081300	0.011
201601081400	0.028
201601081500	0.065
201601081600	0.108
201601081700	0.162
201601081800	0.209
201601081900	0.242
201601082000	0.283
201601082100	0.331
201601082200	0.396
201601082300	0.46
201601090000	0.523
201601090100	0.579
201601090200	0.601
201601090300	0.603
201601090400	0.612
201601090500	0.571
201601090600	0.481
201601090700	0.398
201601090800	0.327
201601090900	0.266
201601091000	0.196
201601091100	0.138
201601091200	0.083
201601091300	0.084
201601091400	0.107
201601091500	0.128
201601091600	0.177
201601091700	0.232
201601091800	0.32
201601091900	0.366
201601092000	0.411
201601092100	0.45
201601092200	0.471
201601092300	0.498
201601100000	0.538
201601100100	0.599
201601100200	0.64
201601100300	0.624
201601100400	0.567
201601100500	0.508
201601100600	0.414
201601100700	0.324
201601100800	0.242
201601100900	0.157
201601101000	0.025
201601101100	-0.082
201601101200	-0.133
201601101300	-0.162
201601101400	-0.208
201601101500	-0.193
201601101600	-0.186
201601101700	-0.167
201601101800	-0.131
201601101900	-0.096
201601102000	-0.009
201601102100	0.031
201601102200	0.055
201601102300	0.092
201601110000	0.125
201601110100	0.166
201601110200	0.208
201601110300	0.228
201601110400	0.232
201601110500	0.208
201601110600	0.18
201601110700	0.146
201601110800	0.08
201601110900	0.004
201601111000	-0.088
201601111100	-0.164
201601111200	-0.247
201601111300	-0.261
201601111400	-0.24
201601111500	-0.21
201601111600	-0.166
201601111700	-0.117
201601111800	-0.081
201601111900	-0.037
201601112000	0.001
201601112100	0.06
201601112200	0.093
201601112300	0.131
201601120000	0.172
201601120100	0.239
201601120200	0.288
201601120300	0.356
201601120400	0.39
201601120500	0.368
201601120600	0.314
201601120700	0.262
201601120800	0.209
201601120900	0.142
201601121000	0.057
201601121100	-0.037
201601121200	-0.118
201601121300	-0.184
201601121400	-0.208
201601121500	-0.218
201601121600	-0.226
201601121700	-0.2
201601121800	-0.143
201601121900	-0.098
201601122000	-0.045
201601122100	0.027
201601122200	0.058
201601122300	0.079
201601130000	0.096
201601130100	0.114
201601130200	0.174
201601130300	0.227
201601130400	0.278
201601130500	0.25
201601130600	0.225
201601130700	0.199
201601130800	0.152
201601130900	0.116
201601131000	0.052
201601131100	-0.022
201601131200	-0.122
201601131300	-0.169
201601131400	-0.199
201601131500	-0.17
201601131600	-0.126
201601131700	-0.08
201601131800	-0.044
201601131900	0.012
201601132000	0.077
201601132100	0.125
201601132200	0.142
201601132300	0.156
201601140000	0.171
201601140100	0.18
201601140200	0.224
201601140300	0.264
201601140400	0.3
201601140500	0.307
201601140600	0.272
201601140700	0.243
201601140800	0.245
201601140900	0.233
201601141000	0.198
201601141100	0.135
201601141200	0.064
201601141300	0.015
201601141400	0.013
201601141500	0.02
201601141600	0.039
201601141700	0.069
201601141800	0.113
201601141900	0.151
201601142000	0.188
201601142100	0.23
201601142200	0.259
201601142300	0.277
201601150000	0.276
201601150100	0.273
201601150200	0.292
201601150300	0.319
201601150400	0.327
201601150500	0.383
201601150600	0.391
201601150700	0.367
201601150800	0.337
201601150900	0.352
201601151000	0.248
201601151100	0.237
201601151200	0.195
201601151300	0.234
201601151400	0.293
201601151500	0.31
201601151600	0.246
201601151700	0.24
201601151800	0.361
201601151900	0.361
201601152000	0.324
201601152100	0.399
201601152200	0.435
201601152300	0.412
201601160000	0.408
201601160100	0.408
201601160200	0.328
201601160300	0.286
201601160400	0.293
201601160500	0.232
201601160600	0.223
201601160700	0.223
201601160800	0.193
201601160900	0.174
201601161000	0.179
201601161100	0.179
201601161200	0.15
201601161300	0.116
201601161400	0.101
201601161500	0.088
201601161600	0.117
201601161700	0.159
201601161800	0.229
201601161900	0.271
201601162000	0.303
201601162100	0.327
201601162200	0.356
201601162300	0.357
201601170000	0.37
201601170100	0.364
201601170200	0.337
201601170300	0.335
201601170400	0.265
201601170500	0.247
201601170600	0.1
201601170700	0.047
201601170800	0.1
201601170900	0.07
201601171000	0.044
201601171100	-0.053
201601171200	-0.1
201601171300	-0.111
201601171400	-0.039
201601171500	0.052
201601171600	-0.04
201601171700	-0.066
201601171800	0.071
201601171900	0.172
201601172000	0.185
201601172100	0.255
201601172200	0.239
201601172300	0.179
201601180000	0.146
201601180100	0.137
201601180200	0.102
201601180300	0.059
201601180400	-0.016
201601180500	-0.058
201601180600	-0.114
201601180700	-0.15
201601180800	-0.195
201601180900	-0.214
201601181000	-0.203
201601181100	-0.2
201601181200	-0.187
201601181300	-0.159
201601181400	-0.102
201601181500	-0.055
201601181600	-0.019
201601181700	0.02
201601181800	0.046
201601181900	0.092
201601182000	0.146
201601182100	0.178
201601182200	0.184
201601182300	0.207
201601190000	0.194
201601190100	0.139
201601190200	0.111
201601190300	0.075
201601190400	0.004
201601190500	-0.087
201601190600	-0.171
201601190700	-0.248
201601190800	-0.306
201601190900	-0.353
201601191000	-0.367
201601191100	-0.392
201601191200	-0.393
201601191300	-0.354
201601191400	-0.303
201601191500	-0.234
201601191600	-0.173
201601191700	-0.128
201601191800	-0.078
201601191900	-0.018
201601192000	0.055
201601192100	0.114
201601192200	0.171
201601192300	0.218
201601200000	0.241
201601200100	0.244
201601200200	0.248
201601200300	0.226
201601200400	0.187
201601200500	0.116
201601200600	0.009
201601200700	-0.087
201601200800	-0.139
201601200900	-0.199
201601201000	-0.175
201601201100	-0.187
201601201200	-0.168
201601201300	-0.134
201601201400	-0.083
201601201500	-0.036
201601201600	0.002
201601201700	0.026
201601201800	0.07
201601201900	0.105
201601202000	0.139
201601202100	0.214
201601202200	0.261
201601202300	0.31
201601210000	0.33
201601210100	0.332
201601210200	0.326
201601210300	0.301
201601210400	0.269
201601210500	0.195
201601210600	0.111
201601210700	0.017
201601210800	-0.067
201601210900	-0.131
201601211000	-0.181
201601211100	-0.2
201601211200	-0.21
201601211300	-0.21
201601211400	-0.183
201601211500	-0.129
201601211600	-0.049
201601211700	0.024
201601211800	0.088
201601211900	0.139
201601212000	0.21
201601212100	0.301
201601212200	0.413
201601212300	0.445
201601220000	0.483
201601220100	0.507
201601220200	0.616
201601220300	0.645
201601220400	0.719
201601220500	0.657
201601220600	0.536
201601220700	0.42
201601220800	0.248
201601220900	0.106
201601221000	0.116
201601221100	-0.019
201601221200	-0.138
201601221300	-0.261
201601221400	-0.339
201601221500	-0.339
201601221600	-0.364
201601221700	-0.334
201601221800	-0.29
201601221900	-0.231
201601222000	-0.141
201601222100	-0.151
201601222200	-0.172
201601222300	-0.136
201601230000	-0.111
201601230100	-0.115
201601230200	-0.123
201601230300	-0.132
201601230400	-0.142
201601230500	-0.165
201601230600	-0.199
201601230700	-0.243
201601230800	-0.312
201601230900	-0.381
201601231000	-0.408
201601231100	-0.479
201601231200	-0.52
201601231300	-0.546
201601231400	-0.559
201601231500	-0.575
201601231600	-0.539
201601231700	-0.477
201601231800	-0.392
201601231900	-0.322
201601232000	-0.273
201601232100	-0.238
201601232200	-0.23
201601232300	-0.188
201601240000	-0.147
201601240100	-0.097
201601240200	-0.04
201601240300	0.011
201601240400	-0.005
201601240500	-0.034
201601240600	-0.039
201601240700	-0.097
201601240800	-0.159
201601240900	-0.227
201601241000	-0.287
201601241100	-0.35
201601241200	-0.383
201601241300	-0.419
201601241400	-0.417
201601241500	-0.409
201601241600	-0.384
201601241700	-0.356
201601241800	-0.329
201601241900	-0.283
201601242000	-0.232
201601242100	-0.184
201601242200	-0.145
201601242300	-0.112
201601250000	-0.053
201601250100	0.008
201601250200	0.078
201601250300	0.135
201601250400	0.182
201601250500	0.179
201601250600	0.149
201601250700	0.109
201601250800	0.058
201601250900	-0.007
201601251000	-0.074
201601251100	-0.166
201601251200	-0.222
201601251300	-0.267
201601251400	-0.273
201601251500	-0.276
201601251600	-0.246
201601251700	-0.202
201601251800	-0.157
201601251900	-0.105
201601252000	-0.048
201601252100	-0.015
201601252200	0.036
201601252300	0.061
201601260000	0.1
201601260100	0.164
201601260200	0.221
201601260300	0.282
201601260400	0.321
201601260500	0.346
201601260600	0.334
201601260700	0.306
201601260800	0.248
201601260900	0.212
201601261000	0.163
201601261100	0.087
201601261200	0.024
201601261300	-0.013
201601261400	0.033
201601261500	-0.026
201601261600	-0.033
201601261700	-0.031
201601261800	-0.005
201601261900	0.019
201601262000	0.039
201601262100	0.065
201601262200	0.085
201601262300	0.093
201601270000	0.095
201601270100	0.086
201601270200	0.11
201601270300	0.142
201601270400	0.155
201601270500	0.189
201601270600	0.169
201601270700	0.178
201601270800	0.193
201601270900	0.198
201601271000	0.135
201601271100	0.046
201601271200	-0.054
201601271300	-0.1
201601271400	-0.144
201601271500	-0.086
201601271600	-0.086
201601271700	-0.029
201601271800	-0.045
201601271900	-0.02
201601272000	0.004
201601272100	0.063
201601272200	0.085
201601272300	0.121
201601280000	0.109
201601280100	0.076
201601280200	0.055
201601280300	0.127
201601280400	0.155
201601280500	0.188
201601280600	0.211
201601280700	0.204
201601280800	0.179
201601280900	0.128
201601281000	0.08
201601281100	0.033
201601281200	-0.004
201601281300	0.014
201601281400	0.028
201601281500	0.023
201601281600	0.011
201601281700	0.058
201601281800	0.079
201601281900	0.106
201601282000	0.084
201601282100	0.121
201601282200	0.1
201601282300	0.123
201601290000	0.146
201601290100	0.182
201601290200	0.134
201601290300	0.136
201601290400	0.125
201601290500	0.084
201601290600	0.08
201601290700	0.08
201601290800	0.052
201601290900	0.008
201601291000	0.02
201601291100	-0.052
201601291200	-0.113
201601291300	-0.123
201601291400	-0.148
201601291500	-0.138
201601291600	-0.106
201601291700	-0.057
201601291800	-0.024
201601291900	0.004
201601292000	0.033
201601292100	0.035
201601292200	0.031
201601292300	0.041
201601300000	0.015
201601300100	-0.026
201601300200	-0.017
201601300300	-0.014
201601300400	-0.011
201601300500	-0.018
201601300600	-0.026
201601300700	-0.054
201601300800	-0.067
201601300900	-0.088
201601301000	-0.091
201601301100	-0.088
201601301200	-0.088
201601301300	-0.09
201601301400	-0.091
201601301500	-0.081
201601301600	-0.039
201601301700	0.02
201601301800	0.059
201601301900	0.1
201601302000	0.113
201601302100	0.114
201601302200	0.118
201601302300	0.149
201601310000	0.169
201601310100	0.145
201601310200	0.117
201601310300	0.095
201601310400	0.097
201601310500	0.084
201601310600	0.074
201601310700	0.051
201601310800	0.038
201601310900	0.03
201601311000	0.031
201601311100	0.031
201601311200	0.032
201601311300	0.023
201601311400	0.025
201601311500	0.054
201601311600	0.108
201601311700	0.16
201601311800	0.229
201601311900	0.271
201601312000	0.295
201601312100	0.329
201601312200	0.355
201601312300	0.365
201602010000	0.376
201602010100	0.371
201602010200	0.329
201602010300	0.297
201602010400	0.277
201602010500	0.261
201602010600	0.227
201602010700	0.18
201602010800	0.151
201602010900	0.134
201602011000	0.108
201602011100	0.122
201602011200	0.145
201602011300	0.145
201602011400	0.139
201602011500	0.173
201602011600	0.179
201602011700	0.206
201602011800	0.239
201602011900	0.272
201602012000	0.278
201602012100	0.293
201602012200	0.294
201602012300	0.285
