#======================================================
# Generated on 2021-12-01 13:04 
#======================================================
# Location    : Pilots_Station
# Position    : (-89.40750,28.93222)
# Source      : observed
# Unit        : waterlevel
# Analyse time: null
# Timezone    : null
#======================================================
201601010000	0.287
201601010100	0.285
201601010200	0.301
201601010300	0.299
201601010400	0.27
201601010500	0.28
201601010600	0.251
201601010700	0.225
201601010800	0.24
201601010900	0.208
201601011000	0.217
201601011100	0.176
201601011200	0.144
201601011300	0.131
201601011400	0.18
201601011500	0.184
201601011600	0.204
201601011700	0.204
201601011800	0.203
201601011900	0.243
201601012000	0.289
201601012100	0.243
201601012200	0.285
201601012300	0.264
201601020000	0.268
201601020100	0.301
201601020200	0.285
201601020300	0.275
201601020400	0.269
201601020500	0.244
201601020600	0.209
201601020700	0.187
201601020800	0.185
201601020900	0.145
201601021000	0.147
201601021100	0.133
201601021200	0.133
201601021300	0.149
201601021400	0.12
201601021500	0.165
201601021600	0.126
201601021700	0.262
201601021800	0.222
201601021900	0.277
201601022000	0.272
201601022100	0.284
201601022200	0.271
201601022300	0.268
