#======================================================
# Generated on 2021-11-29 17:32 
#======================================================
# Location    : Shell_Beach
# Position    : (-89.67300,29.86830)
# Source      : observed
# Unit        : waterlevel
# Analyse time: null
# Timezone    : GMT
#======================================================
201601010000	0.376
201601010100	0.349
201601010200	0.397
201601010300	0.406
201601010400	0.406
201601010500	0.381
201601010600	0.352
201601010700	0.348
201601010800	0.339
201601010900	0.362
201601011000	0.431
201601011100	0.484
201601011200	0.472
201601011300	0.396
201601011400	0.27
201601011500	0.28
201601011600	0.234
201601011700	0.203
201601011800	0.188
201601011900	0.169
201601012000	0.132
201601012100	0.137
201601012200	0.182
201601012300	0.247
201601020000	0.316
201601020100	0.282
201601020200	0.299
201601020300	0.334
201601020400	0.294
201601020500	0.298
201601020600	0.28
201601020700	0.239
201601020800	0.241
201601020900	0.226
201601021000	0.246
201601021100	0.26
201601021200	0.259
201601021300	0.237
201601021400	0.242
201601021500	0.171
201601021600	0.141
201601021700	0.103
201601021800	0.07
201601021900	0.074
201601022000	0.07
201601022100	0.087
201601022200	0.106
201601022300	0.107
201601030000	0.123
201601030100	0.156
201601030200	0.156
201601030300	0.153
201601030400	0.155
201601030500	0.154
201601030600	0.15
201601030700	0.152
201601030800	0.159
201601030900	0.153
201601031000	0.175
201601031100	0.148
201601031200	0.1
201601031300	0.079
201601031400	0.051
201601031500	0.042
201601031600	0.02
201601031700	0.016
201601031800	0.018
201601031900	0.031
201601032000	0.076
201601032100	0.092
201601032200	0.104
201601032300	0.131
201601040000	0.134
201601040100	0.169
201601040200	0.198
201601040300	0.204
201601040400	0.181
201601040500	0.148
201601040600	0.093
201601040700	0.088
201601040800	0.062
201601040900	-0.019
201601041000	-0.021
201601041100	-0.029
201601041200	-0.081
201601041300	-0.076
201601041400	-0.086
201601041500	-0.098
201601041600	-0.106
201601041700	-0.089
201601041800	-0.049
201601041900	-0.018
201601042000	0.05
201601042100	0.114
201601042200	0.142
201601042300	0.18
201601050000	0.192
201601050100	0.249
201601050200	0.269
201601050300	0.273
201601050400	0.334
201601050500	0.393
201601050600	0.384
201601050700	0.379
201601050800	0.328
201601050900	0.303
201601051000	0.291
201601051100	0.281
201601051200	0.275
201601051300	0.258
201601051400	0.26
201601051500	0.252
201601051600	0.216
201601051700	0.182
201601051800	0.15
201601051900	0.154
201601052000	0.178
201601052100	0.211
201601052200	0.247
201601052300	0.285
201601060000	0.314
201601060100	0.348
201601060200	0.387
201601060300	0.436
201601060400	0.481
201601060500	0.516
201601060600	0.554
201601060700	0.595
201601060800	0.622
201601060900	0.625
201601061000	0.583
201601061100	0.518
201601061200	0.439
201601061300	0.362
201601061400	0.293
201601061500	0.265
201601061600	0.216
201601061700	0.199
201601061800	0.198
201601061900	0.242
201601062000	0.314
201601062100	0.341
201601062200	0.362
201601062300	0.408
201601070000	0.418
201601070100	0.448
201601070200	0.483
201601070300	0.521
201601070400	0.538
201601070500	0.54
201601070600	0.537
201601070700	0.519
201601070800	0.543
201601070900	0.549
201601071000	0.528
201601071100	0.498
201601071200	0.457
201601071300	0.407
201601071400	0.363
201601071500	0.367
201601071600	0.355
201601071700	0.367
201601071800	0.39
201601071900	0.437
201601072000	0.476
201601072100	0.522
201601072200	0.534
201601072300	0.58
201601080000	0.594
201601080100	0.613
201601080200	0.65
201601080300	0.673
201601080400	0.692
201601080500	0.709
201601080600	0.714
201601080700	0.686
201601080800	0.629
201601080900	0.556
201601081000	0.474
201601081100	0.393
201601081200	0.332
201601081300	0.289
201601081400	0.239
201601081500	0.194
201601081600	0.153
201601081700	0.114
201601081800	0.1
201601081900	0.081
201601082000	0.089
201601082100	0.176
201601082200	0.236
201601082300	0.307
201601090000	0.387
201601090100	0.429
201601090200	0.472
201601090300	0.526
201601090400	0.577
201601090500	0.603
201601090600	0.627
201601090700	0.663
201601090800	0.661
201601090900	0.662
201601091000	0.65
201601091100	0.53
201601091200	0.46
201601091300	0.402
201601091400	0.329
201601091500	0.278
201601091600	0.244
201601091700	0.217
201601091800	0.174
201601091900	0.173
201601092000	0.212
201601092100	0.277
201601092200	0.345
201601092300	0.393
201601100000	0.432
201601100100	0.434
201601100200	0.44
201601100300	0.46
201601100400	0.477
201601100500	0.482
201601100600	0.502
201601100700	0.53
201601100800	0.477
201601100900	0.425
201601101000	0.359
201601101100	0.302
201601101200	0.235
201601101300	0.174
201601101400	0.124
201601101500	0.087
201601101600	0.067
201601101700	0.018
201601101800	-0.036
201601101900	-0.089
201601102000	-0.129
201601102100	-0.176
201601102200	-0.159
201601102300	-0.093
201601110000	0.002
201601110100	0.096
201601110200	0.208
201601110300	0.253
201601110400	0.269
201601110500	0.239
201601110600	0.255
201601110700	0.279
201601110800	0.305
201601110900	0.301
201601111000	0.286
201601111100	0.263
201601111200	0.212
201601111300	0.149
201601111400	0.084
201601111500	0.031
201601111600	-0.012
201601111700	-0.072
201601111800	-0.094
201601111900	-0.097
201601112000	-0.097
201601112100	-0.082
201601112200	-0.055
201601112300	-0.012
201601120000	0.024
201601120100	0.076
201601120200	0.124
201601120300	0.163
201601120400	0.2
201601120500	0.247
201601120600	0.286
201601120700	0.315
201601120800	0.339
201601120900	0.334
201601121000	0.294
201601121100	0.235
201601121200	0.172
201601121300	0.114
201601121400	0.058
201601121500	0.002
201601121600	-0.043
201601121700	-0.09
201601121800	-0.139
201601121900	-0.169
201601122000	-0.206
201601122100	-0.218
201601122200	-0.213
201601122300	-0.175
201601130000	-0.102
201601130100	-0.033
201601130200	0.039
201601130300	0.081
201601130400	0.102
201601130500	0.123
201601130600	0.162
201601130700	0.191
201601130800	0.228
201601130900	0.244
201601131000	0.23
201601131100	0.191
201601131200	0.131
201601131300	0.064
201601131400	0.018
201601131500	-0.02
201601131600	-0.07
201601131700	-0.122
201601131800	-0.151
201601131900	-0.154
201601132000	-0.119
201601132100	-0.047
201601132200	0.01
201601132300	0.071
201601140000	0.121
201601140100	0.173
201601140200	0.197
201601140300	0.214
201601140400	0.207
201601140500	0.203
201601140600	0.213
201601140700	0.239
201601140800	0.268
201601140900	0.278
201601141000	0.272
201601141100	0.263
201601141200	0.238
201601141300	0.22
201601141400	0.18
201601141500	0.131
201601141600	0.106
201601141700	0.072
201601141800	0.047
201601141900	0.043
201601142000	0.05
201601142100	0.094
201601142200	0.151
201601142300	0.215
201601150000	0.268
201601150100	0.309
201601150200	0.355
201601150300	0.397
201601150400	0.426
201601150500	0.502
201601150600	0.541
201601150700	0.564
201601150800	0.563
201601150900	0.546
201601151000	0.526
201601151100	0.5
201601151200	0.481
201601151300	0.47
201601151400	0.378
201601151500	0.29
201601151600	0.241
201601151700	0.205
201601151800	0.193
201601151900	0.195
201601152000	0.174
201601152100	0.162
201601152200	0.198
201601152300	0.257
201601160000	0.296
201601160100	0.334
201601160200	0.386
201601160300	0.391
201601160400	0.365
201601160500	0.333
201601160600	0.277
201601160700	0.222
201601160800	0.189
201601160900	0.16
201601161000	0.143
201601161100	0.13
201601161200	0.14
201601161300	0.141
201601161400	0.136
201601161500	0.184
201601161600	0.188
201601161700	0.189
201601161800	0.194
201601161900	0.208
201601162000	0.234
201601162100	0.273
201601162200	0.318
201601162300	0.357
201601170000	0.377
201601170100	0.405
201601170200	0.421
201601170300	0.407
201601170400	0.488
201601170500	0.455
201601170600	0.485
201601170700	0.54
201601170800	0.402
201601170900	0.493
201601171000	0.294
201601171100	0.292
201601171200	0.277
201601171300	0.253
201601171400	0.239
201601171500	0.136
201601171600	0.092
201601171700	0.02
201601171800	-0.023
201601171900	0.024
201601172000	0.023
201601172100	0.05
201601172200	0.124
201601172300	0.204
201601180000	0.269
201601180100	0.314
201601180200	0.312
201601180300	0.291
201601180400	0.262
201601180500	0.226
201601180600	0.202
201601180700	0.154
201601180800	0.133
201601180900	0.116
201601181000	0.102
201601181100	0.072
201601181200	-0.019
201601181300	-0.063
201601181400	-0.022
201601181500	-0.043
201601181600	-0.043
201601181700	-0.03
201601181800	0.023
201601181900	0.039
201601182000	0.062
201601182100	0.128
201601182200	0.134
201601182300	0.167
201601190000	0.172
201601190100	0.196
201601190200	0.193
201601190300	0.19
201601190400	0.178
201601190500	0.14
201601190600	0.097
201601190700	0.068
201601190800	0.042
201601190900	0.004
201601191000	-0.047
201601191100	-0.086
201601191200	-0.103
201601191300	-0.126
201601191400	-0.107
201601191500	-0.106
201601191600	-0.101
201601191700	-0.084
201601191800	-0.035
201601191900	0.035
201601192000	0.094
201601192100	0.135
201601192200	0.171
201601192300	0.189
201601200000	0.203
201601200100	0.237
201601200200	0.269
201601200300	0.297
201601200400	0.304
201601200500	0.336
201601200600	0.333
201601200700	0.331
201601200800	0.338
201601200900	0.287
201601201000	0.196
201601201100	0.127
201601201200	0.079
201601201300	0.042
201601201400	-0.003
201601201500	-0.047
201601201600	-0.075
201601201700	-0.111
201601201800	-0.122
201601201900	-0.075
201601202000	-0.01
201601202100	0.059
201601202200	0.118
201601202300	0.145
201601210000	0.19
201601210100	0.243
201601210200	0.275
201601210300	0.304
201601210400	0.328
201601210500	0.33
201601210600	0.311
201601210700	0.268
201601210800	0.236
201601210900	0.186
201601211000	0.121
201601211100	0.068
201601211200	0.02
201601211300	-0.025
201601211400	-0.055
201601211500	-0.087
201601211600	-0.13
201601211700	-0.158
201601211800	-0.163
201601211900	-0.121
201601212000	-0.024
201601212100	0.083
201601212200	0.172
201601212300	0.219
201601220000	0.261
201601220100	0.295
201601220200	0.385
201601220300	0.421
201601220400	0.456
201601220500	0.448
201601220600	0.478
201601220700	0.457
201601220800	0.534
201601220900	0.454
201601221000	0.412
201601221100	0.24
201601221200	0.164
201601221300	0.144
201601221400	0.116
201601221500	0.055
201601221600	0.009
201601221700	0.015
201601221800	-0.066
201601221900	-0.172
201601222000	-0.169
201601222100	-0.222
201601222200	-0.224
201601222300	-0.201
201601230000	-0.167
201601230100	-0.11
201601230200	-0.134
201601230300	-0.16
201601230400	-0.141
201601230500	-0.165
201601230600	-0.198
201601230700	-0.132
201601230800	-0.19
201601230900	-0.239
201601231000	-0.23
201601231100	-0.238
201601231200	-0.251
201601231300	-0.274
201601231400	-0.319
201601231500	-0.351
201601231600	-0.405
201601231700	-0.466
201601231800	-0.489
201601231900	-0.523
201601232000	-0.543
201601232100	-0.505
201601232200	-0.425
201601232300	-0.335
201601240000	-0.269
201601240100	-0.193
201601240200	-0.117
201601240300	-0.087
201601240400	-0.042
201601240500	0.013
201601240600	0.048
201601240700	0.061
201601240800	0.075
201601240900	0.082
201601241000	0.056
201601241100	0.022
201601241200	-0.058
201601241300	-0.133
201601241400	-0.174
201601241500	-0.219
201601241600	-0.265
201601241700	-0.308
201601241800	-0.334
201601241900	-0.336
201601242000	-0.356
201601242100	-0.33
201601242200	-0.281
201601242300	-0.234
201601250000	-0.174
201601250100	-0.121
201601250200	-0.074
201601250300	-0.042
201601250400	-0.019
201601250500	0.029
201601250600	0.069
201601250700	0.118
201601250800	0.138
201601250900	0.15
201601251000	0.136
201601251100	0.101
201601251200	0.038
201601251300	-0.044
201601251400	-0.129
201601251500	-0.201
201601251600	-0.223
201601251700	-0.272
201601251800	-0.266
201601251900	-0.244
201601252000	-0.247
201601252100	-0.208
201601252200	-0.087
201601252300	-0.016
201601260000	0.071
201601260100	0.136
201601260200	0.174
201601260300	0.204
201601260400	0.225
201601260500	0.243
201601260600	0.285
201601260700	0.311
201601260800	0.325
201601260900	0.325
201601261000	0.311
201601261100	0.274
201601261200	0.203
201601261300	0.153
201601261400	0.094
201601261500	0.038
201601261600	0.003
201601261700	-0.027
201601261800	-0.059
201601261900	-0.091
201601262000	-0.085
201601262100	-0.064
201601262200	-0.008
201601262300	0.025
201601270000	0.114
201601270100	0.205
201601270200	0.207
201601270300	0.239
201601270400	0.251
201601270500	0.238
201601270600	0.287
201601270700	0.355
201601270800	0.361
201601270900	0.391
201601271000	0.394
201601271100	0.388
201601271200	0.399
201601271300	0.351
201601271400	0.318
201601271500	0.29
201601271600	0.232
201601271700	0.173
201601271800	0.138
201601271900	0.115
201601272000	0.109
201601272100	0.13
201601272200	0.135
201601272300	0.146
201601280000	0.182
201601280100	0.2
201601280200	0.196
201601280300	0.252
201601280400	0.249
201601280500	0.241
201601280600	0.217
201601280700	0.24
201601280800	0.275
201601280900	0.329
201601281000	0.335
201601281100	0.32
201601281200	0.294
201601281300	0.258
201601281400	0.222
201601281500	0.176
201601281600	0.119
201601281700	0.079
201601281800	0.046
201601281900	0.004
201601282000	-0.025
201601282100	-0.027
201601282200	-0.009
201601282300	0.02
201601290000	0.027
201601290100	0.022
201601290200	0.035
201601290300	0.036
201601290400	0.044
201601290500	0.046
201601290600	0.033
201601290700	0.023
201601290800	-0.003
201601290900	-0.016
201601291000	-0.051
201601291100	-0.078
201601291200	-0.106
201601291300	-0.125
201601291400	-0.111
201601291500	-0.134
201601291600	-0.162
201601291700	-0.2
201601291800	-0.23
201601291900	-0.244
201601292000	-0.249
201601292100	-0.211
201601292200	-0.148
201601292300	-0.075
201601300000	-0.016
201601300100	0.02
201601300200	0.033
201601300300	0.021
201601300400	-0.019
201601300500	-0.064
201601300600	-0.104
201601300700	-0.134
201601300800	-0.162
201601300900	-0.164
201601301000	-0.162
201601301100	-0.167
201601301200	-0.171
201601301300	-0.16
201601301400	-0.168
201601301500	-0.163
201601301600	-0.156
201601301700	-0.139
201601301800	-0.142
201601301900	-0.119
201601302000	-0.099
201601302100	-0.056
201601302200	0.016
201601302300	0.062
201601310000	0.09
201601310100	0.093
201601310200	0.093
201601310300	0.091
201601310400	0.096
201601310500	0.087
201601310600	0.051
201601310700	0.016
201601310800	-0.006
201601310900	-0.017
201601311000	-0.024
201601311100	-0.038
201601311200	-0.047
201601311300	-0.058
201601311400	-0.059
201601311500	-0.055
201601311600	-0.034
201601311700	-0.035
201601311800	-0.026
201601311900	0.019
201601312000	0.057
201601312100	0.125
201601312200	0.188
201601312300	0.24
201602010000	0.277
201602010100	0.287
201602010200	0.302
201602010300	0.311
201602010400	0.313
201602010500	0.302
201602010600	0.267
201602010700	0.216
201602010800	0.17
201602010900	0.134
201602011000	0.092
201602011100	0.05
201602011200	0.023
201602011300	0.007
201602011400	0.003
201602011500	0.016
201602011600	0.037
201602011700	0.069
201602011800	0.103
201602011900	0.134
201602012000	0.174
201602012100	0.206
201602012200	0.225
201602012300	0.259
